0.018170970435862265
0.01815226559206838
0.018159695634773973
NaN
NaN
0.017925632940222973
0.018169998233741075
0.002592614947659783
-0.026380465456871435
-0.02626933103900287
-0.02425749715507341
-0.025366294502087383
-0.02294007645958846
-0.026564544006861937
-0.02443919520267769
-0.025358012088787796
-0.021992898884882185
-0.030553131889105925
-0.02960791405267975
-0.01763636024230883
-0.015656600722876172
-0.02796136476312839
-0.022953856829740805
-0.021843211436835416
-0.024290140899617445
-0.01968016588697727
0.016045716543217174
-7.709242255438875E-4
-0.0014226333691480944
-0.002504185903733835
-0.0018838403860238465
-0.0023874964773956077
-0.0032958981601554967
-0.007795443354407009
-0.011908797930082928
-0.02854450590042386
-0.02762239010221098
-0.023680103846943842
-1.1810266183582673E-4
0.01825496190845155
-0.002775356548437315
0.0017610982668561544
0.002101344410984006
0.0028825841322205267
0.0029178237032193048
0.003976683707533669
0.0026569251368169537
0.0029837739540449094
0.001504094107979594
0.004804666367061918
0.0045936489471986326
0.0069268226452839
0.0051060680813171284
0.003831748039326853
0.00195965942541022
9.869472535632981E-4
3.851463199623902E-4
-4.186329264165931E-4
-0.001684607239479248
-0.010498674049075849
-0.023961796324459328
-0.020821142894640092
-0.02909004669651448
-0.030671525938821942
-0.032316722415528944
-0.031424737645526044
-0.032557461985611436
-0.030767339313885804
-0.031293859369974496
-0.028134137585795492
-0.01433117273402106
-0.01249441665682186
-0.009729960727936096
-0.009881483322867549
-0.012447119064939059
-0.01351216749961102
-0.012851374829049236
-0.018274010162451886
-0.02553823259053052
-0.02519431711041998
-0.030535553699323245
-0.03011928149140692
-0.030081407842962052
-0.0277776575958641
-0.030977190476000394
-0.029241060739518515
-0.027932782237691474
-0.02832159368784433
-0.029027023186313526
-0.030786105687124032
-0.030626387343547064
-0.029510340177849093
-0.030463760718308835
-0.031127350684806952
-0.03127625485343965
-0.028331057453612418
-0.029370835107613527
-0.028574895050425347
-0.027766586537816634
-0.028432742333463296
-0.02873432463169554
-0.029458220556589705
-0.02851460456504698
-0.028915724954614627
-0.02865970769999522
-0.03079815383640553
-0.03015454042181699
-0.029608022458639624
-0.02710995444939695
-0.028621273817996874
-0.03143580056061459
-0.030662646260420832
-0.029903808912939707
-0.031049981592948
-0.024484720451789857
-0.022138645938452613
-0.02308243023502602
-0.03213238348447664
-0.03204011778445246
-0.03166403786717059
-0.031111415715627838
-0.030586602451419177
-0.03205109795880134
-0.028255933162068647
-0.026879402208694114
-0.02337803081742744
-0.019680435241358415
-0.010221025012581122
-0.00290618421874743
0.015443868489960386
0.018138181118783736
0.017334588219994986
0.018223387838816593
0.01815093061772733
NaN
0.018153466567775625
0.018150746964109274
0.01654875015355857
-0.004276556186557499
-0.008960485755983417
-0.02792376266886506
-0.015896867803959727
-0.00796516268638307
-0.0011607071415198332
-8.209998286498091E-4
8.697052286042364E-4
-5.663562620504721E-4
-7.967989097124391E-4
-0.011730792548255145
-0.007779068021978062
-0.01064829648739597
-0.008929053401881914
-0.01229356658232347
-0.011239288817097012
-0.023080289655556738
-0.02864701475738457
-0.025336461419552994
-0.029212487237122865
-0.031151042686600322
-0.03051098155177355
-0.03032554661410914
-0.028177180792748883
-0.029398263856305548
-0.028153255927873738
-0.024877688954715094
-0.02757535033315999
-0.027069836182996403
-0.025007744002811583
-0.010875015266044634
-0.012060685489767917
-0.00789093708255393
0.013722830097711547
-0.012410625884102333
-0.020930363883628345
-0.02162104792501989
-0.02045868586957103
-0.016588528990353825
-0.024481884079199254
-0.020204342297575402
-0.015349998647601691
-0.010754254544766702
-0.009277942039848162
-0.010817657503104483
-0.010610131363532645
-0.010082473828960319
-0.012705991875437186
-0.015599304976861504
-0.01055898361421653
-0.010568390900635223
-0.01128096002863684
-0.012934720767530411
-0.01630540914236532
-0.031201046902703082
-0.02634933262761504
-0.029944501696432098
-0.030579486203808237
-0.030360482423765413
-0.030899075756818703
-0.02934266387725902
-0.03041002099475952
-0.02934736342221339
-0.026773933320066307
-0.024332145870289493
-0.022215895002134153
-0.02940403723247753
-0.019732471330896534
-0.020393525647750405
-0.019443264036432643
-0.02431561276887309
-0.02827113329668065
-0.030452878967785292
-0.028118472408178233
-0.027451435346212208
-0.028213294663159846
-0.028182221361532922
-0.029061779057162278
-0.031217004993355356
-0.018507691406716403
-0.025820859251031038
-0.026917135404744295
-0.026464393404352957
-0.030103252008841244
-0.027845367064255423
-0.027115119326108245
-0.02984022102653567
-0.02405770927431973
-0.020155875775954596
-0.025113175297881513
-0.02389133093568971
-0.019424605338193332
-0.02378503433437284
-0.023530408298613234
-0.02249143672292133
-0.029033965499421485
-0.03065904346507424
-0.029274619521734865
-0.02864782625656622
-0.030067570751893542
-0.02861540250373352
-0.027767103086118294
-0.027009149946415477
-0.02748226368407291
-0.019131620744548564
-0.005413229419680269
-0.026129020367367577
-0.0259496981339492
-0.02585465948162479
-0.027595913389574088
-0.025431944600654052
-0.024893352482507597
-0.027134345182863805
-0.024624528490544674
-0.027370253556596016
-0.02788382176197269
-0.026841973129581725
-0.027251201661591076
-0.008736834428289438
-0.021677782346930213
-0.027971942869818717
-0.027220869642790156
-0.026484090601802866
-0.029330209337609853
-0.028954084099213344
-0.029031157765287238
-0.02905521868820092
-0.028257395234283993
-0.029055167674186075
-0.027436481325042762
-0.02650562341950284
-0.024228026176842013
-0.02614980083194786
-0.02568912515416337
-0.027125114623901
-0.02728506114264241
-0.02805580207712287
-0.025121002797627676
-0.0252633396365085
-0.025342663090553226
-0.0245499012335954
-0.024827181650680194
-0.02551272273401862
-0.023369667412692814
-0.025549956220253814
-0.023199240074580955
-0.025743554110115252
-0.025980712800154883
-0.026438155661715035
-0.025718499861327924
-0.025881414209509145
-0.027052859427444564
-0.02797900308560218
-0.028806651900428124
-0.029975989702870798
-0.026190401623540055
-0.029669277542946453
-0.027371850092592208
-0.016866292727699156
-0.011809384132077138
-0.010123835348695936
NaN
-0.008624981916812071
-0.016838940758869544
-0.012025952382699738
-0.010972185321780223
-0.009865921074775536
-0.01061205436134249
-0.010131187303170287
-0.011688770478267593
-0.012144089469663662
-0.010536554022565578
-0.01189765930406632
-0.020386495818574595
-0.03184234917194923
-0.02911188877016091
-0.03088596132569462
-0.030159404358670518
-0.028089359508284978
-0.03085906274616248
-0.03014157856211571
-0.028685766093261456
-0.03058334730946473
-0.031098519427994485
-0.030453670452408904
-0.02796452607142972
-0.027478162756274516
-0.02718954734654576
-0.026953646642618123
-0.026975181513761007
-0.028545491187816005
-0.027581368896698898
-0.028471090926465464
-0.027518456665972572
-0.028919372388980173
-0.03006125248748056
-0.030105534238766912
-0.031134126659483223
-0.029847121972893687
-0.0295052899197489
-0.028345757172139482
-0.02565600501538559
-0.013081362762376602
-0.008471723330316176
-0.008371658482289537
-0.008280908206856829
-0.009052677214631665
-0.005913401526200568
-0.007082593804941148
-0.006226444368367207
-0.012419064511197498
-0.013386094986441213
-0.013666380944724004
-0.011556268325104596
-0.018713302218287077
-0.027062741261266912
-0.02707758664153965
-0.027580545234755928
-0.027986929070718154
-0.028616475896437635
-0.025981871921544074
-0.02881847939081921
-0.029730867637111212
-0.030640788172458383
-0.029757856406628133
-0.030650496362598055
-0.02893641408204977
-0.030017807681497775
-0.02933551207986137
-0.02896602161053438
-0.03144348998000076
-0.029971217513719763
-0.01910122442020617
-0.016750224647473708
-0.01402377581861072
-0.01523995154852446
-0.014860481126867884
-0.015077546395924004
-0.014306218482254262
-0.020422035127597736
-0.018540484305041773
-0.03143362033428804
-0.03151364251748082
-0.030557623015258648
-0.030236058745346142
-0.0298751512298379
-0.02993095418336464
-0.028388044127426425
-0.025998710292411742
-0.020937405357747997
-0.019534051388638937
-0.027416486330677288
-0.025083693260338456
-0.017404439960856697
-0.02291571060983877
-0.028013528538058857
-0.029756155451685
-0.0286752491131382
-0.027867127269935683
-0.02538644606154182
-0.026479683135190134
-0.024761029933644117
-0.027830748154340855
-0.028797318757980347
-0.027076311966292975
-0.027947192166286744
-0.027667640813301614
-0.026776688171853982
-0.025418745906192065
-0.026738848446625586
-0.024976172093146412
-0.02433361678360605
-0.025570444289391862
-0.029501058832864267
-0.0302285230711826
-0.02917136875054009
-0.029622571477683386
-0.025752645703028612
-0.02668623661080468
-0.02496708420104634
-0.02666817346600687
-0.02320472035603447
-0.024204350621395775
-0.028243249174259626
-0.026987945182114045
-0.025260208756291473
-0.025187341212303017
-0.019996464603587685
-0.0231907306007055
-0.0259616013808271
-0.025493380708443952
-0.02645624251294674
-0.021549277802155972
-0.028778080021372936
-0.02977739479716534
-0.028820233304496463
-0.029522929925169875
-0.023722242423293488
-0.03025057609297086
-0.030006464850426275
-0.030676421792403666
-0.028615263145764534
-0.029190116627195832
-0.029927009179101717
-0.030247648293919044
-0.030650344258949254
-0.03199180314104276
-0.0276147165969102
-0.02713339756366994
-0.027841383511364982
-0.024869584341798263
-0.0215219991656214
-0.027405611218255327
-0.031767861988096405
-0.029508130797127233
-0.02907481461555931
-0.029291290489039577
-0.0230495746902735
-0.022019761605210374
-0.02808215575237269
-0.02862417746187266
-0.02824697723191824
-0.028245845284155566
-0.02753548168432516
-0.028403689871341203
-0.027187315995206567
-0.029074012019029337
-0.02771802645730801
-0.029868253427771718
-0.030094587791135136
-0.02993531112431401
-0.02428176223925438
-0.02765847100150421
-0.025522131999695247
-0.005086377215897473
0.006548157308224162
0.001512277870231755
0.009232139957215049
-0.010691218134660448
-0.0223900107566277
-0.01815401193916389
-0.004796752833410784
9.850360736801808E-4
1.8902841360475108E-4
5.644178291887812E-4
0.004365471295875893
0.008685161294550096
0.012197152543674393
0.017016214371516722
0.018634443261418637
0.02074874505375992
0.017569697313900026
0.01520005962248548
0.013983086888155404
0.01498616759736098
0.01905303571962292
0.020027037422181024
0.019663658569613517
0.01874653588834007
0.0197701674974396
0.019869355407453798
0.019517162099559976
0.018799532186312168
0.018511606569153558
0.01985549551545797
0.02062587120881179
0.02216044996890191
0.020162257213074714
0.019162095422830122
0.017169639746991705
0.014237806880812576
0.007004071752482471
0.002506583045693644
-3.768863252110897E-4
-0.004200211737502712
-0.00247585802560249
-0.008520044863004402
-5.958678661288032E-4
-0.00851433673792994
-0.02064955759430563
-0.021484724540271595
-0.022272778138048704
-0.024489015240426064
-0.023921779596308146
-0.024179181971170437
-0.02697177692884299
-0.02752339851884495
-0.028256836408257657
-0.02425683859154444
-0.025700590700912004
-0.02889849909295726
-0.026376636912615256
-0.028503539689849595
-0.029077889773675668
-0.028134740415054482
-0.029135199302221478
-0.027016345499264703
-0.023678150261279618
-0.0293879538695737
-0.03058123295557747
-0.029101758064804653
-0.019153398336583173
-0.018369100779015483
-0.01914672991757333
-0.029159766827216597
-0.03010926893910431
-0.029247101796120306
-0.02781253424124632
-0.02631236922985518
-0.02586151772814016
-0.02830654372198644
-0.023434789680559037
-0.023069925783985992
-0.02545590525563251
-0.027760022729229124
-0.024187056993534038
-0.020271439722417794
-0.01730596279504154
-0.016707015639216408
-0.0076828932929132775
0.008780573516868607
0.013980678342517748
0.013576129612847052
0.01573071602240051
0.015521914137668716
0.01491091588645277
0.011906714778679238
3.273160067145645E-4
0.007887364480075848
0.006167327014384296
0.005463962653820334
-0.00478643462950212
0.005527299854005708
0.015797910286059327
0.012120793128009316
0.014241198878385644
0.014974005407101238
0.015129813043186903
0.013559078648412928
0.01723368660171997
0.017789973816202613
0.01916399475722668
0.017459477688864806
0.018786944957724067
0.016781945168678404
0.017499764786915305
0.014254976552365234
0.0112229224933729
0.01573351740777361
0.014779080480532765
0.012123863846182794
0.005677107118983423
-0.006538767775459842
-0.005971707143599352
-0.010105818449461878
-0.013065331874034436
-0.016624214430945874
-0.011113857718197971
-0.00503952442574984
-0.0074499470323036296
-0.006937594956729581
-0.0024719906982304993
0.005826511347220415
0.0017099797751908867
0.00361333110919128
0.015301008005069295
0.020511545761569314
0.023434126826539357
0.025152544610977004
0.025060389266709775
0.024302799616918058
0.024477308840531592
0.024146952492807447
0.023610106990132766
0.02419028139890477
0.0232942151456548
0.021596192944559826
0.02158834153068058
0.02228494628197973
0.017755499044229392
0.020956591717625567
0.021418871820375843
0.019874799112038925
0.002580895353548671
0.0015437762652784452
0.014120557281626192
0.014499199644583407
0.010406375711964237
0.009237956012392322
0.0095840170084167
0.004970796855140921
-0.012003275824063072
-0.012312764434026525
-0.012518318410647409
-0.00879497115168508
0.008503166531234476
0.014145845562733792
0.013656448521161364
0.01690140466193967
0.01258106298141432
-0.0033751965086078204
-0.006642871435218127
-0.006650631920816836
0.01177733387430576
0.016287870900372772
0.01497406537908899
0.016680278322529177
0.017421157337501027
0.010382270359741373
0.019486715695191635
0.022000657961996677
0.022164451777386435
0.021254825887128105
0.020751692777573695
0.02105826194455196
-0.001543468864626334
-7.205193116255645E-4
0.011135650018951134
-0.0032096549832422772
0.015631674353693815
0.013695038028637778
0.022816688488604527
0.025048058228063746
0.024239412724770905
0.022990867870520293
0.024309148506025308
0.024427518895718356
0.024350137427701958
0.023864399344239492
-0.00741760165259409
-0.011592646260914035
0.019152477569293704
0.023272929821134325
0.021337882305834277
0.020995310577809637
0.014521489439213822
-0.007193546639891028
0.0024482392801285745
-0.006169440834338123
-5.041767727621562E-4
-0.009336675918091942
0.0016739285991846948
0.011996630345689775
0.0024532591836688815
0.008160101042443113
0.023081018665702252
0.025708214650200435
0.02503674168039051
0.022148338050605156
0.024465824147604488
0.025239789302828455
0.023516229035033795
0.02672498501235529
0.02685481912204192
0.026680196789834645
0.026404403468743502
0.026290375418088534
0.02627994268223196
0.026660368052679698
0.026691076540449082
0.026780796997509286
0.026954501123164172
0.026671702725592716
0.02644057703189357
0.026371315460030985
0.02650777329704839
0.02637470430642149
0.025328411030279843
0.0014518707739203125
-0.0030397997290454366
-8.905869093277802E-4
0.0166240084321028
0.02627777536826941
0.026256840176558285
0.026575538933163882
0.02641142539020966
0.026054635655586522
0.020163261468148307
0.026984241841787632
0.02706919935492902
0.02700678994675463
0.02708781662505113
0.026587160656496564
0.027067703784927656
0.026814567492549686
0.02687331793746981
0.026422495540479894
0.026875042773220968
0.026829532130079624
0.025543483655369008
0.026576784435486105
0.026934531049992737
0.02684339677253393
0.026768365597875626
0.026999084769257775
0.02685989587226266
0.026889851388772416
0.027228920288177826
0.02704826088302182
0.02643832989334112
0.026832872277452603
0.02675645146877232
0.02703177245694268
0.026905242650645977
0.026687866385198863
0.026667945537258105
0.02654434903191112
0.026407185257804028
0.02490511454963109
0.026351061383670688
0.026234632991926563
0.02586182733025532
0.023510576485340613
0.013623643388946114
0.020266803984743877
0.02664127975942781
0.026764614469365955
0.026812541994008787
0.026176443555210878
0.025294115250429856
0.02575700820614215
0.02642120975577572
0.025899346675481105
0.020560197246811088
0.008346818976005475
0.02349812487294234
0.018009949446959793
0.023790201500973593
0.024204301872428467
0.025220128951023782
0.025981641327750653
0.025765424147195792
0.026455659247447666
0.026141071657180923
0.026275313484764834
0.023420182453882353
0.02459209105927735
0.024664634462066744
0.018440620715536697
0.024903315312259436
0.024283275878453116
0.021869601662477096
-2.6588223289197594E-5
-0.011483561059979958
-0.010810090108474064
-4.971015794757454E-4
-0.0076418488350604346
0.013526175561417936
0.024277745244652302
0.026069956661538066
0.026174408761142853
0.0260221948598051
0.022027259746745277
0.014226139364306877
0.025275737964338837
0.025570427909679054
0.025900218624040627
0.02535920250260866
0.0260340718859016
0.02615214706734169
0.025644274103157956
0.02276911193440613
0.025473512873448227
0.023798837501668453
0.02480323937666204
0.026401449623771202
0.025971672992047973
0.02615133226653956
0.026343553321790565
0.026523197211295375
0.026405521703853074
0.026451159112429873
0.02605555118027643
0.025737189370493768
0.02658806795553853
0.026457455592407093
0.026533106967637575
0.026432797207114216
0.026501251968746593
0.02629200228172953
0.025586490102541583
0.023753934988044845
0.014573427024449604
0.019938806244590955
0.024847670263850506
0.02576554795325106
0.02572142822925249
0.0255017290147838
0.024502601592837625
0.02608372602961765
0.026594580711211326
0.027077104765202434
0.02656064118894496
0.026233898078571675
0.026405471863800926
0.026529677143218265
0.026637025311713282
0.0261278133998274
0.020688582806726676
0.02042948616138189
0.020205328710285707
0.01795322028103053
0.023085435052009197
0.025109577180496688
0.025193422837246057
0.024874175279536233
0.02468276925418842
0.023361500637774354
0.023889778070077458
0.021106577577000886
0.021194124109228593
0.0028341682564004015
-0.001094577802726151
0.008397583812459553
0.016980255380515952
0.009191437393304424
-0.010433304936018703
0.008103555011959595
0.013122219865270205
0.006440405016484858
0.023602950402182542
-0.001496146356172336
0.009254262400302317
0.015488562224116107
0.023206784338348503
0.02155896200299042
0.016343697370693043
0.02359182075040906
0.025636234764648554
0.025127783448250347
0.01936296308131654
0.02153045716866874
0.024171873549139522
0.01735177232217447
0.009696265999657255
-0.0062957893643691264
-0.005261107733200986
-0.0022008323351776333
0.012186258251538382
0.017311745745821422
0.01352642884602802
0.015125695646089543
0.021115802421756598
0.023499651954435694
0.02284278886574196
0.02356560894654859
0.023913020947516545
0.02379226310684824
0.02384368688445994
0.024688223150978697
0.02452523099975403
0.02510703157160709
0.02283898961701688
-2.211489977182327E-4
-0.004487912700055064
-0.005733998964310715
-0.006468135302571272
-0.0020170617066233836
6.900487168743606E-4
9.643214186748116E-4
0.01157272219512059
0.004546470537640531
-0.012775938581362356
-0.01565216946710389
-0.010778080630552352
-0.012886316863153252
-0.00346844919228841
0.02018763926265496
0.020858630525183323
0.019583046834892932
0.017416650652584624
0.015691335374692826
0.020136680757954217
0.02331150854946755
0.02100156099261654
0.010949948571418382
-0.004321958051803206
0.012054342534689793
0.02132954002019849
0.022644400316366428
0.022621357176846317
0.014919234759988775
0.0059147632213006965
0.0041598355886090285
-0.0025630833058479046
0.004393239884033576
0.019186782304929872
0.01790056733442255
0.01910200497216788
0.0031977954222133466
-0.004791016393501019
-0.014713771350142917
-0.006413387126065264
0.004940428972085393
-0.0077675860017166615
-0.01925291669472791
-0.021985633780361537
-0.021459680108505963
-0.022261350976477128
-0.016782722288098163
-0.007981431247606061
0.008240852645041834
-0.005949247139300203
-0.017693426956672545
-0.008483508093501164
-0.006693803135259735
0.010291359900844814
0.011256687397312934
0.019985370472654848
0.01811123678478628
0.01049857993328261
0.014671371962057566
0.018713672222104426
0.016556131878179642
0.0175861669681271
0.016554725381213817
0.01301703458588122
0.017278486839523467
0.024226234233358165
0.02431502939118261
0.025096402061792783
0.02503184257510501
0.024476933909169094
0.02432487726590741
0.024344162135641056
0.02489354652208322
0.025307886629803558
0.02505762863015487
0.025303506281530948
0.02561749744914514
0.02588363514098914
0.0261108204461759
0.026186213336088664
0.0238980009297566
0.015745950292101497
0.024942816420426728
0.02392799768360218
0.024025137388741007
0.020052408376725235
0.02194584352636811
0.02038331865880757
0.014120717572038878
0.018363357345006506
0.019946999906178223
0.01808623782346548
0.014837591235767078
0.02399899863261657
0.024785782507012306
0.026007059309020787
0.02566538940835556
0.025457228882745916
0.025249592848884235
0.025929580348261205
0.024152372609463214
0.025200162186146298
0.024940974208692977
0.025625649466103406
0.02553578146786773
0.02480876947425119
0.02533757876795846
0.02585299853611659
0.02515977090376749
0.023526414719792034
0.018517759377659593
-0.00440407035095877
-0.006568353549899869
-0.010856347367076323
-0.01836345180613551
-0.011198128846836521
-0.014489945696547846
-0.012497043211666116
0.0013337840381337273
0.015044846815204729
0.01507785651606493
0.013731145196892393
0.0010656639532338067
-0.0035939886996634923
-0.0015042211971139654
-0.0069498476089772335
-0.006157735051430736
-0.00863559390556326
0.012201876289937566
0.0240465657151626
0.02514423413475749
0.02550031968038547
0.025540843819169254
0.025683871303377438
0.02600219982199506
0.025624389566477307
0.025796287965329533
0.02604936954430767
0.025813132262586524
0.026088516703329276
0.02609825878405502
0.025975748619092964
0.026048969301832543
0.025537322035457034
0.02570745030510633
0.02553988984528624
0.025698842051212867
NaN
0.01937106571733037
0.02071013237113402
0.022964675297461386
0.018257165550955183
0.025537013782043427
0.025731183754934564
0.025651666378931022
0.025475271720927777
0.02571227594571835
0.025912442375837917
0.025859135004884258
0.02567000578393206
0.025217413609365524
0.020338109680068772
0.023681307456905963
0.02373588295468055
0.02426214857707775
0.02597262314300161
0.025835046504892857
0.026035010271293388
0.026003475250535105
0.025839478954951575
0.025805599049961152
0.025658145203378807
0.02580865113092324
0.025600545852640766
0.02549813648441048
0.025698011120627792
0.025789516634448
0.025797270172859092
0.02615646244444593
0.025833604819347926
0.02600638617645898
0.025678652379801457
0.02552165465663335
0.025078359160332443
0.019226446313687515
0.022444273490706275
0.022635964783392665
0.022634239745018624
0.015997642837122315
0.013610242298955912
0.02165707898676577
0.019689526826172914
0.012420075192485594
0.0064664634046821354
0.010285663823245627
0.015077835462336183
0.018550237517070328
0.022327645860544698
0.01890161935035748
0.008758165738123016
-0.003939293965978795
-0.016444118541148453
-0.019106002859960225
-0.023350267031823267
-0.02576723714889636
-0.02879906512268858
-0.02927308354241201
-0.027674257258940967
-0.028996647683260587
-0.03047489197529841
-0.030198374559482752
-0.026896064046135468
-0.02952526517053429
-0.029929580342075747
-0.030169102333509237
-0.026687495307398057
-0.027914965878397813
-0.029309211289105554
-0.03016879115980029
-0.024509602880798613
-0.0275357606829938
-0.027048662181051106
-0.025195790313302553
-0.02752932783004347
-0.025443591299745667
-0.027155323211509715
-0.029458863532108782
-0.024556012710482356
-0.026068055507163942
-0.028707326335224083
-0.02850884859729333
-0.029069467111655548
-0.018420640556389766
-0.011172631203117542
-0.010140445709539921
-0.007732656976994287
-0.0060716019726395586
-0.011252826348135106
-0.02601176650599473
-0.024827241217628956
-0.02715188284287895
-0.027848999990157136
-0.018801063553193956
-0.02542226994397235
-0.025046495721827183
-0.01954660756760976
-0.009919978089122691
-2.0982315573991927E-4
-0.004369643521368197
0.002184095366569102
-8.330445706118688E-4
-0.020255994232687258
-0.025512927456263615
-0.027489074907138485
-0.012864699395445284
-0.00919902405203797
-0.005342968904942143
-0.005472885298898616
-0.017891047202953127
-0.022776225461100696
-0.01421032430365672
-0.019904622952032006
-0.004639578917495525
0.009525542403771877
0.007291221860759593
0.0024398223225536838
0.007661374114880262
0.0049702783015590606
0.006631309855749622
0.005729905048743107
9.596418559557132E-4
-0.004457060374687732
0.006125414084610365
0.004192844878089346
-0.0018962373608570737
-0.008946426448346145
-0.009301700680762567
-0.010027983355451547
-0.02174587018695396
-0.021031569318727433
-0.018959293003945648
-0.020957378211532596
-0.023206488916104967
-0.0210283700677524
-0.021811576933241317
-0.01808576018424978
-6.10695188514622E-4
-0.0025101513361610894
-0.013915333528998836
-0.0032105695826206886
-0.011119890735261009
-0.0058465875313688815
0.004550066784251568
-0.004678390279490862
0.012676079914745097
0.01585604061554184
0.017744642796510814
0.019149458188900764
0.019807301638160857
0.019462935814077653
0.020645044537380038
0.02053959481003094
0.01710784725751595
0.009175181953811033
0.009973336580729898
8.919076800331417E-4
6.560880798757787E-4
-0.00631317839887355
0.0017737578776636188
3.222688378328024E-4
-0.0067175038893249875
-0.006587728624701635
-0.004916324375076576
-0.005370670059585684
-0.002689508278226179
0.006569585642075567
0.01790700568755764
0.01817220605119759
0.018248696016024482
0.018175633460957324
0.012617947478779585
0.011774305044953796
0.0195544270775536
-5.356741008761714E-4
NaN
NaN
NaN
NaN
NaN
NaN
NaN
NaN
NaN
NaN
NaN
NaN
NaN
NaN
NaN
NaN
NaN
NaN
NaN
NaN
NaN
NaN
NaN
NaN
NaN
NaN
NaN
NaN
NaN
NaN
NaN
NaN
NaN
NaN
NaN
NaN
NaN
NaN
NaN
NaN
NaN
NaN
NaN
NaN
NaN
NaN
NaN
NaN
NaN
NaN
NaN
NaN
NaN
NaN
NaN
NaN
NaN
NaN
NaN
NaN
NaN
NaN
NaN
NaN
NaN
NaN
NaN
NaN
NaN
NaN
NaN
NaN
NaN
NaN
NaN
NaN
NaN
NaN
NaN
NaN
NaN
NaN
NaN
NaN
NaN
NaN
NaN
NaN
NaN
NaN
NaN
NaN
NaN
NaN
NaN
NaN
NaN
NaN
NaN
NaN
NaN
NaN
NaN
NaN
NaN
NaN
NaN
NaN
NaN
NaN
NaN
NaN
NaN
NaN
NaN
NaN
NaN
NaN
NaN
NaN
NaN
NaN
NaN
NaN
NaN
NaN
NaN
NaN
NaN
NaN
NaN
NaN
NaN
NaN
NaN
NaN
NaN
NaN
NaN
NaN
NaN
NaN
NaN
NaN
NaN
NaN
NaN
NaN
NaN
NaN
NaN
NaN
NaN
NaN
NaN
NaN
NaN
NaN
NaN
NaN
NaN
NaN
NaN
NaN
NaN
NaN
NaN
NaN
NaN
NaN
NaN
NaN
NaN
NaN
NaN
NaN
NaN
NaN
NaN
NaN
NaN
NaN
NaN
NaN
NaN
NaN
NaN
NaN
NaN
NaN
NaN
NaN
NaN
NaN
NaN
NaN
NaN
NaN
NaN
NaN
NaN
NaN
NaN
NaN
NaN
NaN
NaN
NaN
NaN
NaN
0.018178076551159612
0.017987804408841034
0.018177164219966825
0.018165107314538777
0.018201730287403857
NaN
0.019652753295499446
0.019302846933974785
0.018153519074162315
0.018205747817870994
0.01818524004152587
0.018103381511845144
0.01782885461804897
0.018166424689555545
0.017520622541449905
-0.008308523392737188
0.01815374589876001
0.01815526894694835
0.018139353867021583
0.01816919197578777
0.006909450615336609
0.017442882701390543
0.018218295872746766
-0.010275625097304147
-0.013600097413194645
-0.011165676429675139
-0.008377161567458637
0.0010633646726823064
-0.004994496246108003
-0.027259417804953626
-0.026803100551664613
-0.017076924707785053
-0.00848798858695062
0.014544244083944094
0.018101058175468046
0.018107976998436463
0.01815162887899808
0.01815496387691736
0.01805302223020115
0.01534215694954671
-0.015263207156783478
-0.0179434294341652
-0.016194297344806124
-0.0017578473170698293
-0.005328417032278205
-0.01833984282640154
-0.01557296269995631
-0.007795220128656743
-0.012613143615849904
0.017447357217050145
0.018126007175885764
0.01815399615453204
-0.010565732504630856
0.002124811698999993
0.018099335618956276
0.018471629860680232
0.017919830438626556
0.017599828035280873
0.01802778780713573
NaN
0.01757255568296931
0.01817466006670184
0.018143348466800886
0.019267001175952314
0.02015033193725213
0.015327656051550185
0.013646065857098972
0.007962782248877674
0.01956348233760353
0.01818871296738815
0.018080808743619663
0.018355654168746918
0.016157445728161343
-0.022215043196497142
-0.026336943284632097
-0.024907872866078463
-0.025957544884247882
-0.026185791480522407
-0.024830896762180962
-0.024598622422795383
-0.025585637388233794
-0.023870995807098547
-0.024280733708847875
-0.0248202210085329
-0.02566630539845035
-0.025855222652204773
-0.026125228722220617
-0.02666552746340503
-0.027464605086948847
-0.02751837513275552
-0.0267712966403195
-0.026759862182953197
-0.027195847782543504
-0.02708827194649035
-0.021861359857879854
-0.015978050113172174
-0.009632007252998719
-0.003123129510289407
-0.0068171760049986155
-0.008618043455028812
-0.004545866517443962
-0.005340899381220704
-0.006216394302281299
-0.012630981186168958
-0.008286173071603883
-0.008218090617443772
-0.01084963622436317
-0.021032378209524215
-0.020416683187750688
-0.022023355456508346
-0.02830493085502788
-0.027334037185713755
-0.02584208332254794
-0.02474261750553617
-0.026025565857274106
-0.024346622996802618
-0.026604821900562445
-0.025648289962383324
-0.026671264834107103
-0.025577532626410833
-0.025898692819171017
-0.02467657179056055
-0.027324506496249512
-0.027231291630200403
-0.02583869982706813
-0.025684535967194652
-0.025773021154064865
-0.024457607792343926
-0.02366752275657944
-0.023855081596241834
-0.02306492713257207
-0.022284570451688267
-0.022206879963445232
-0.02269516403869816
-0.023448443742266394
-0.02460489757573326
-0.024069149522381497
-0.023964051488744184
-0.026804187096642763
-0.027338096196558935
-0.027376221949328587
-0.029317013873462826
-0.028934071162997003
-0.02908490109155671
-0.028523869503506494
-0.02875952744037507
-0.0269101752339614
-0.0208277744106697
-0.01913612022399308
-0.02219420893847554
-0.02143536796231943
-0.01384558008374811
-0.0170214170634881
-0.007512261027671992
-0.005348814925291175
-0.006185665090446487
-0.004009994511088688
-0.0021808187102345267
0.006906069421028838
0.009376030353967162
0.010445459804130166
0.006808115296250736
0.0028218120121353907
0.00285058094596041
-0.007777243024825646
-0.015060634343503522
0.002357807941357871
0.009866009600754962
0.012723592579679697
0.013823242790440228
0.01439525852909051
0.008095565554033023
-0.0029784894106276547
-0.01842625696294082
-0.019474838497717938
-0.025802556436812278
-0.027443746775707933
-0.02615634216301202
-0.02667492443050569
-0.02158324547792502
-0.023400382767427147
-0.024104412345386524
-0.025613296629962777
-0.02488708053079474
-0.025474610865506057
-0.027888162468531603
-0.027765287270234952
-0.02767936676462568
-0.026490282591639575
-0.01223950015912084
0.0032024970077981626
-0.018489775871440496
-0.022253856212362984
-0.01630106744994978
-0.011329795580333065
2.535356537365142E-4
0.002653123852697649
0.0037848642046806194
-7.409841051550774E-5
-0.0018889934934842054
-0.010226370103166663
-0.008737292350379348
0.005606591390116921
0.017297369619008844
0.019405446387357562
0.021257548630401885
0.020497383181652902
0.013253298178663114
0.019015112006812537
0.02311510957351004
0.023610990318595718
0.023766739116567757
0.023805300642932285
0.023138528621096256
0.022215479906128655
0.023035175666005353
0.022421541016452544
0.022476820110464396
0.022703120009544275
0.022050044710360803
0.021826250060203785
0.021864474615739697
0.021540159795429142
0.021248115986953295
0.022551835304628086
0.02191790572736215
0.01991929392762965
0.01852368089736657
0.015807442505374948
0.017444468816738848
0.014155203560706276
-0.0061754188636779315
-0.005493189145624136
-0.00984729216958959
0.01885640709810267
0.016770580242613638
0.013584679395216013
0.021887100691608978
0.02243886253426281
0.022195431994695224
0.023400479715105768
0.023409899441595813
0.021261570539506176
9.407987227896021E-4
0.005632731006648342
0.0013021137903966246
-0.0016869048050757187
-0.014598667807560608
-0.014342875126341125
-0.016344325454027416
-0.019011549175325784
-0.022815343626539773
-0.02112543797279578
-0.016673001188441953
-0.020397002578523865
-0.01880371138960905
-0.02036117706594595
-0.016418472763770384
-0.004387059345976477
-0.010878703966176883
-6.236535649103044E-4
0.005556636692717488
0.0055155618004473685
2.268697047210764E-4
-0.008288313079629055
-0.014216954572614566
-0.0014174739518176146
0.005695898560086158
-0.002136492934317989
-0.0026396538127177703
-5.327179533320199E-4
-0.009224103262782194
-0.005144632125523684
-0.01109279020334222
0.0050255655832430815
0.007401622467465781
0.015659071883007587
0.0178658115379245
0.02013217190219612
0.018794749319252235
0.011637053659012419
0.018662079112903164
0.021051850500016095
0.020775002643182564
0.02180391649784725
0.020731896612025298
0.02155314771065591
0.01652500541252591
0.015856890832711266
-0.00759069270557404
-0.015309925233115824
-0.004829000130727564
-0.010074003757644594
0.0054568002129254615
0.006516033979854551
0.0052030827392612
-0.008059642583010562
-0.0043087976736667965
-0.013291584175402623
-0.004440525676160107
-0.00868882264749327
-0.0029997264707405714
-2.810315918007518E-4
0.006736708957889774
0.010152533198922759
0.009830090285787532
4.2434365885976816E-4
-0.010433737238846785
-0.014987105445016411
-0.007639802954510055
0.00646013839497833
0.002846588748951652
-0.012483388151100184
-0.01764956706330141
-0.014865982230747109
-0.007808969210968799
-0.009261569179875476
0.005733232466375195
0.005323996235938365
0.007587204691420754
0.011398799227712834
0.012485548852743928
-0.005749982764751145
-0.006419532383398155
-0.014290744234026407
-0.0015510568774340391
-0.012316048005409167
-0.0051909559105637396
0.00651364728925417
0.011353185046161143
0.009605850582064276
0.009696106957190394
0.011630388254264793
0.00939919860895273
0.0074712282186625584
0.0022266613338869585
-8.600306100894255E-4
0.02229882357106963
0.022292160150278226
0.02109976253815772
0.02112189722805432
0.022218257920665334
0.021110320788614342
0.019844410700617467
0.020437055929848395
0.020447964410087026
0.02110995166924339
0.020840201716610676
0.021583386098122874
0.02199105860432308
0.021228580343512854
0.022584645692762008
0.021009483923740378
0.020282470687428902
0.020814827691805184
0.01579701277775286
0.021449099072948008
0.022820542123756435
0.020900116319828424
0.0179445217320562
0.0020586691793704594
0.004833803767132211
0.015661243090520187
0.019085457328107423
0.012950663740864584
-0.007864853285385439
-0.009897261208056863
-0.007780554159484924
0.007099741446150993
0.0196102602600493
0.01953691877065223
0.017178807618989142
0.00784067800310954
-0.01636543528619165
-0.019205821275212864
-0.015831751964960603
-0.0156457196792196
-0.011953949627130618
-0.008781928564561404
-0.01486934606264104
-0.011927184097832395
-0.010883929052415833
-0.011605011292293367
-0.018141945579537702
-0.023550818400951128
-0.025403935395516067
-0.019538572210490913
-0.0016313357632836655
-0.010907838163065686
-0.019772690106278308
-0.017902885018642387
-0.008157486596452764
-0.0068514076731380075
0.0025028495359205385
-0.0055294421006425445
-0.0075323376157738105
-0.00958391265724148
-0.00911040971271505
-0.016358581599899103
-0.01402860235997743
-0.02367063753748601
-0.024439901323861687
-0.023390681326280055
-0.02407007501869269
-0.020827539871747784
-0.02463813453517015
-0.02238628589230532
-0.022289338081209753
-0.015896062215333684
-0.02423871287626131
-0.023188698648631247
-0.015992348624456587
-0.016558378014876265
-0.01862675649402299
-0.010302360931050166
-4.1808776596419933E-4
0.007856671794659549
0.013867059319219865
0.01343424355694301
0.00920013349775968
0.009548575522480292
0.002032201072127252
-0.002129760794259985
-0.004879694539449866
0.0019859930888892503
0.004474350705767365
0.009782821332674357
0.011881722535389888
0.009844161207800411
0.018928302483015066
0.01866503267301653
0.022429565550977935
0.02589946297249386
0.026245605094472595
0.02654861203222146
0.0257002875668024
0.024811382001471947
0.01926250624711464
0.003501408450928647
0.018211684162066394
0.022442494502455106
0.022263584601995547
0.018682743691543158
0.01834391248113422
0.0229402648953616
0.024670108213187866
0.025173981771739573
0.02576688574425682
0.026334193752861106
0.026550563033392982
0.026634608067954833
0.026842584256811387
0.02627754970280858
0.02558597120305023
0.013668587666218852
0.021328132996288406
0.025566830612208095
0.02644290077867644
0.026557706613437017
0.026630002351166658
0.026649081616398826
0.02662396144539273
0.026603982540285648
0.026629768669263934
0.02654561117934804
0.026583716268691215
0.026450939714497253
0.02644715854680732
0.026225142259242114
0.02633224151103898
0.026206096089674884
0.02608005688727722
0.02528016409057858
0.026408243113001266
0.026331192469541083
0.025876226886342203
0.026335626478100678
0.026177398430419073
0.025523495967017897
0.02580689046298968
0.026114562997436537
0.026033197585549735
0.025698322712488078
0.0260098066698419
0.02610370359580364
0.026377508578985395
0.024989038582819048
0.025972651748127185
0.026303449314273274
0.0259131593863308
0.02515717143400266
0.025654268731990615
0.02554248660418354
0.025939549816922862
0.025886794757947217
0.02605157117576075
0.02592998797307316
0.025869685327091593
0.025378029546936215
0.011406799727388174
-0.003970422368624289
0.02156837591201994
0.022843600087199538
0.023738529804770668
0.016165582363863888
-0.0021471490970325796
0.007239382150534894
0.017009410721759953
0.02443851160940349
0.02330734151138366
0.024159969284096125
0.026234685190225135
0.02634882512733227
0.026271068780580102
0.026514447964950692
0.02603342604697491
0.026096059113632407
0.025339854397444815
0.025885204290043512
0.025886014126301003
0.026114827599883254
0.02587640431137815
0.02420696311215744
0.02469268764729242
0.025845631079388122
0.025720840897785133
0.024523495316089057
0.025715848152581454
0.025690752232297658
0.026283541706696098
0.025964957628290583
0.025886510059107345
0.02594809495916122
0.025967416498081576
0.02590200225899148
0.02607771845058774
0.025637527359024616
0.02617618724189333
0.025823719708919453
0.02619590319958682
0.02602455409289435
0.025769766191306852
0.025379586411894403
0.025966213714294598
0.026179764259829465
0.021764779273387908
0.014863175394634715
0.02498002447384437
0.025439398182088485
0.02555827750241138
0.02559133683650048
0.025093698082475642
0.023862046192761686
0.025001331022761218
0.025513280228099705
0.024166593934526498
0.008420204561435614
0.013789409547849617
0.021763132276565456
0.017994541459356007
-0.0012671325069950612
5.29512031503216E-4
0.006691120538420966
0.005346976254072539
0.0011263085558183743
-0.0013558879565281575
0.0015445769455045355
0.011669617862900238
0.020021813079830635
0.019303296427562622
0.022164555995996524
0.02171207139934435
0.02211216074913691
0.020730961903562273
0.015101642379795952
0.01240009830261135
0.0024831741676901676
-5.704366870912985E-5
-0.011070618015427032
-0.010059620821495936
-0.017824762275960124
-0.02197390937424272
-0.02133727156099808
-0.025201473748445044
-0.028631453437879907
-0.027518399438211535
-0.025462191017293065
-0.019062216336760543
-0.027529108878018745
-0.03116583144220099
-0.023997537808461908
-0.022249787116921826
-0.026312824382077375
-0.030267730292856024
-0.030183854766700192
-0.0286399987754314
-0.030704983127846336
-0.027506102379125645
-0.025618437581988132
-0.02106485334438963
-0.028166712471321062
-0.027178294071723112
-0.029057611363103024
-0.02942447133446216
-0.029585656282330522
-0.026547102967938142
-0.026171520780626463
-0.029826551996965864
-0.027742055351848448
-0.02683472996779364
-0.02592112444803725
-0.027997584429335705
-0.028923686214946752
-0.02465759027002127
-0.017537674735422906
-0.01950184277465202
-0.021877534966739984
-0.02021080419305308
-0.029134227398616964
-0.029897973680257546
-0.029027737758251897
-0.024865139638094343
-0.02401204821625326
-0.019326433359361475
-0.022295285268956806
-0.027393994649051297
-0.029058370199262835
-0.03032400904615721
-0.02644179508605842
-0.028391797708615343
-0.028638225663620474
-0.028914766491106143
-0.027019366976891716
-0.01930946590421999
0.0014071499698767656
0.017787281405010118
0.007333652150614765
-0.01857249007735625
-0.006958025391283815
0.017472009859408694
-1.851206196259677E-4
-0.018434186350239672
-0.026492643756065602
-0.028076767187525754
-0.028219559719079294
-0.027147241043242017
-0.02828275535474247
-0.02526576819732075
-0.014386070314390828
-0.019325212826419455
-0.024232599765874947
-0.025576641925464653
-0.003955511646912315
-0.020332904479917223
-0.027019055941016307
-0.025772930162279085
-0.01649570437177654
-0.0056872831034875115
-0.00585656673402749
0.002222657627963852
0.007749267275578503
0.010060638324425188
0.010471540086431402
0.014380813688267458
0.013715789083990905
0.013536941938400352
0.01333571371682223
0.004022805338383856
0.011703332022693039
0.013039616212519345
0.009261482980916756
0.008610846219170581
-0.0023866412988500525
-0.012844394656144087
-0.018227977692905482
0.008253875091520728
0.01738221300784913
0.019496764922282278
0.01732689144856458
0.011079695598588294
-0.005336256942647575
0.010068375904317587
0.013227542656466836
0.008506846453885228
0.014409382181809741
0.01720473436789057
0.019444149347756547
0.018192226659072365
0.009693316481774216
-0.01283869967529879
-0.018049720366537972
-0.014448392667188085
-0.02199894572108018
-0.022644819409647264
-0.02260184909160387
-0.02274966414655666
-0.022834539174578207
-0.022689413300902697
-0.023283021048510877
-0.022878906402924268
-0.022904142476708356
-0.02420470475333178
-0.02349422710183459
-0.023261276890270174
-0.02132100598595054
-0.02174044890421846
-0.022174154839552714
-0.011374337417833502
0.003956111377108348
0.012729114951352054
0.018701657779408673
0.021762590867470982
0.02140653884779828
0.0227137479535527
0.021804408010832714
0.022074870318517688
0.022618289131690922
0.023037158237751668
0.02131263331025745
0.012997306902875943
0.015721858873315717
0.016775144017427905
0.015245313640485926
0.022443782242440383
0.025542376217507927
0.026352906266632857
0.025362383103339624
0.025944848458298107
0.02602885068728309
0.026188637236419773
0.026026660124887815
0.025913453067834664
0.017727653387691993
0.02418726683400109
0.026113911965831543
0.02567470477083216
0.026102520452939225
0.025900309742555402
0.026135558481800644
0.025850431241047855
0.02572394161978358
0.026145163373903657
0.025235393373543982
0.025747357304168078
0.02585983457128202
0.02544134276510758
0.025671398454022713
0.02524616836251474
0.025463381801147343
0.025373939228541836
0.024614270040653544
0.021948518484293
0.018357560456138303
0.024238867429459084
0.025871755468856943
0.025915400468584607
0.025774457971434774
0.025548359016270818
0.025132359055044837
0.01970750498449997
0.02262215869580006
0.025073128070611787
0.025993479757861968
0.025827615708535513
0.025812837227613003
0.02586053852534219
0.025121569395656136
0.018612786733169767
0.010319602765343815
0.021828388762677724
0.02244043123929646
0.013714699565860909
0.023117218482774378
0.023612780237418966
0.02416131496659194
0.024310650132925105
0.007431091243616902
-0.007823231274003872
-0.0026263741223916106
0.003158038297361058
0.01690114119349269
0.0203231618049821
0.023308796822722654
0.01791181499926499
0.013957626508357553
0.01833195712180303
0.016138980352302552
0.0047444570723005584
0.012502170218146853
0.022847368980713594
0.021014084143437264
0.014973695700786273
0.007664642294012692
-0.007961554086264387
-0.015783024583331168
-0.011885461795958289
-0.0030739428438629804
0.010010641280790216
0.018544699090402336
0.019391476767800155
0.019702429901770672
0.01835337427819239
-0.004763165742314258
-0.011885552288190321
4.8356214148611177E-4
0.014604386804438011
0.014346778748522407
0.008213896325730231
-0.002856792719533623
0.006952790072626953
0.014429984612956468
0.007342095742935019
0.01573457443399793
-0.004421970348678518
-0.014060811607615097
-0.0073878269259531415
0.01752530219909361
-0.006196374108000932
-0.023009050892651456
-0.02313442327009195
-0.021114193740827507
-0.014597940394012637
0.0112417553310692
0.006775378511337445
-0.0062631718903819805
0.010637233523945189
0.020832834905441744
0.022100504069505776
0.021400666718777862
0.02119648628923746
0.012684019022602447
-0.011166028254271008
0.006750031297604542
0.002431171226209082
-0.012750478677088093
-0.021217556187308258
-0.021569972872367893
-0.02643115059897192
-0.02729099159658263
-0.0260597977156519
-0.028041936920301658
-0.02068797606018577
-0.013966685549830106
-0.02560042244552698
-0.025608202590281307
-0.021054194406067678
-0.011700679319579016
0.006360867903425122
0.011970081577198134
0.010936612438010355
0.009652589058192504
0.00720973146605134
0.0022593197794909562
0.004129315728587029
-0.011299691956612068
0.003937311020990899
0.003501930404039193
-0.02031476433096243
-0.02260751467235974
-0.005903171802535894
-0.010306021742382062
-0.02001517895286705
0.006435331405752918
-0.00431598792204404
-0.011097726391925968
-0.005949796418982502
-0.0060125806576032306
-0.008135095941228292
-0.011587587541226445
-0.024873299929372338
-0.02395092247641311
-0.02807253726795124
-0.02753093426461975
-0.010143068008267444
-0.009366009596530138
-0.007349215600360899
-0.01755315400963705
-0.028405672688987395
-0.02542147178087599
-0.011660940138610252
-0.0017018975389028767
8.72635194836182E-4
-0.005476542704906612
-0.008177475710470759
-0.005867501304474532
-0.015743185903113167
-0.016316487585759532
-0.001312347217524653
-0.016045609442743154
-0.018950199505473213
-0.01918734325456771
-0.019930063498656503
-0.005861383616131562
0.006178916089644869
0.008391269480143534
0.010655659224123204
0.012013816781918617
0.014918872557036009
0.011517661326154973
0.012566680805965668
0.011295028113697798
0.010460333480790514
0.005968232304516695
0.010539711708884713
0.004688286914425207
-0.004796952155878295
-0.0016712958564081208
0.0012882156266814026
-2.1370455187304672E-4
-0.005853798636384537
-0.0019859366172758053
-0.013271952459254707
-0.02008487202809002
-0.013246902176645002
0.005080039182817388
0.00303915406526257
0.004662161271829978
-0.0063123554516874665
-0.020587866782826376
-0.022315200655213793
-0.026386694215304436
-0.02755764263528815
-0.028186987548761575
-0.02861438989839752
-0.010865649372358932
-0.028622212771059863
-0.027686696879212012
-0.02059013566371668
-0.025984006093411803
-0.027402890477844333
-0.026786403941096625
-0.02650449537731671
-0.02288287528384412
-0.022246225506135052
-0.02189705979978758
-0.024393436708101575
-0.022981498861370755
-0.01698675363614071
-0.016310122010843114
-0.013822281466898515
-0.006726901095444337
-0.00870972719751889
-0.003839645525487153
0.01532740405072165
0.008563134640795318
0.013105623252985777
0.02146905073798811
0.023106820216157245
0.023894722254364537
0.02423017510645603
0.024350487493099746
0.02462753911115275
0.024694767109990454
0.02530961909403559
0.02481131025390443
0.02416482031643108
0.0234243028196863
0.02307444080575488
0.023969178847070748
0.025368255553761633
0.0253557745813901
0.0256378926267401
0.02578661681967788
0.025858191292733444
0.025324382414933372
0.025728118388238436
0.02578441291457661
0.025610963393738605
0.025683420168695223
0.025487687227372408
0.024966741343815824
0.024965056692659554
0.025350553645392834
0.025327186375603772
0.024540287822980643
0.024379210392719307
0.023793036937713
0.02389513700982182
0.024262626704342684
0.024877115994418608
0.02506727792943362
0.024222846468987112
0.023436209682180728
0.023863440442670837
0.02500743986316454
0.024982879028667464
0.024795341737813024
0.02484155794643699
0.024508066857322854
0.02445448497060783
0.024190141135377076
0.01781484659644652
0.011636373323628935
0.020111334394757173
0.021209247036003583
0.013553501978168072
0.01877021375524053
0.023169827095404626
0.021585913828268147
0.024755070646316123
0.02552254513021722
0.024241901362718345
0.024189919658958163
0.024107540633001807
0.022657362422279455
0.024046516616658645
0.021981633905844684
0.019045610867476276
0.009985257102522798
-0.0074061338043597425
0.009849266161868955
0.008338314310350575
0.010046853316431832
0.011374894653179618
0.012065320846222471
0.013828839470311194
0.011747236274281042
0.008387805614931432
0.012436821013565873
-8.020226600558679E-4
-0.010866058487995156
-0.0019187826371427391
0.004185375617026455
-0.009699460159765281
-0.011498867820378044
-0.020860061540343797
-0.017570104782041216
-9.891203855002281E-4
0.005253538434299059
0.008659160990921766
0.007636486308862697
0.008053877662648602
0.0028361363326331046
-0.004487355313665942
-0.0025568651436078125
-0.0042827532003800635
-0.007012565623332333
0.002916708716942766
-0.0024607377136846723
-0.004773460279028475
-0.007750516724937939
-0.014253783067452567
-0.020137679397028076
-0.014224044994447453
-0.010442983754366857
-0.012235020451732484
0.002053557963965354
0.0020767713251662262
-8.650522762385267E-5
0.006296103788174525
-7.433121806138358E-6
0.014986835188821887
0.022286208274248744
0.02314295816939159
0.023329829713341972
0.02272831953170522
0.02402729212758198
0.0243399369520034
0.023288971788524862
0.021971624484510975
0.01091275230758756
0.00852239276300926
0.01817468683917888
0.009482627021221055
0.01884503608524813
0.016705755315578587
-0.01144210473655213
0.014028988939376116
