1.8171e-02
1.8152e-02
1.8160e-02
1.7926e-02
1.8170e-02
2.5926e-03
-2.6380e-02
-2.6269e-02
-2.4257e-02
-2.5366e-02
-2.2940e-02
-2.6565e-02
-2.4439e-02
-2.5358e-02
-2.1993e-02
-3.0553e-02
-2.9608e-02
-1.7636e-02
-1.5657e-02
-2.7961e-02
-2.2954e-02
-2.1843e-02
-2.4290e-02
-1.9680e-02
1.6046e-02
-7.7092e-04
-1.4226e-03
-2.5042e-03
-1.8838e-03
-2.3875e-03
-3.2959e-03
-7.7954e-03
-1.1909e-02
-2.8545e-02
-2.7622e-02
-2.3680e-02
-1.1810e-04
1.8255e-02
-2.7754e-03
1.7611e-03
2.1013e-03
2.8826e-03
2.9178e-03
3.9767e-03
2.6569e-03
2.9838e-03
1.5041e-03
4.8047e-03
4.5936e-03
6.9268e-03
5.1061e-03
3.8317e-03
1.9597e-03
9.8695e-04
3.8515e-04
-4.1863e-04
-1.6846e-03
-1.0499e-02
-2.3962e-02
-2.0821e-02
-2.9090e-02
-3.0672e-02
-3.2317e-02
-3.1425e-02
-3.2557e-02
-3.0767e-02
-3.1294e-02
-2.8134e-02
-1.4331e-02
-1.2494e-02
-9.7300e-03
-9.8815e-03
-1.2447e-02
-1.3512e-02
-1.2851e-02
-1.8274e-02
-2.5538e-02
-2.5194e-02
-3.0536e-02
-3.0119e-02
-3.0081e-02
-2.7778e-02
-3.0977e-02
-2.9241e-02
-2.7933e-02
-2.8322e-02
-2.9027e-02
-3.0786e-02
-3.0626e-02
-2.9510e-02
-3.0464e-02
-3.1127e-02
-3.1276e-02
-2.8331e-02
-2.9371e-02
-2.8575e-02
-2.7767e-02
-2.8433e-02
-2.8734e-02
-2.9458e-02
-2.8515e-02
-2.8916e-02
-2.8660e-02
-3.0798e-02
-3.0155e-02
-2.9608e-02
-2.7110e-02
-2.8621e-02
-3.1436e-02
-3.0663e-02
-2.9904e-02
-3.1050e-02
-2.4485e-02
-2.2139e-02
-2.3082e-02
-3.2132e-02
-3.2040e-02
-3.1664e-02
-3.1111e-02
-3.0587e-02
-3.2051e-02
-2.8256e-02
-2.6879e-02
-2.3378e-02
-1.9680e-02
-1.0221e-02
-2.9062e-03
1.5444e-02
1.8138e-02
1.7335e-02
1.8223e-02
1.8151e-02
1.8153e-02
1.8151e-02
1.6549e-02
-4.2766e-03
-8.9605e-03
-2.7924e-02
-1.5897e-02
-7.9652e-03
-1.1607e-03
-8.2100e-04
8.6971e-04
-5.6636e-04
-7.9680e-04
-1.1731e-02
-7.7791e-03
-1.0648e-02
-8.9291e-03
-1.2294e-02
-1.1239e-02
-2.3080e-02
-2.8647e-02
-2.5336e-02
-2.9212e-02
-3.1151e-02
-3.0511e-02
-3.0326e-02
-2.8177e-02
-2.9398e-02
-2.8153e-02
-2.4878e-02
-2.7575e-02
-2.7070e-02
-2.5008e-02
-1.0875e-02
-1.2061e-02
-7.8909e-03
1.3723e-02
-1.2411e-02
-2.0930e-02
-2.1621e-02
-2.0459e-02
-1.6589e-02
-2.4482e-02
-2.0204e-02
-1.5350e-02
-1.0754e-02
-9.2779e-03
-1.0818e-02
-1.0610e-02
-1.0082e-02
-1.2706e-02
-1.5599e-02
-1.0559e-02
-1.0568e-02
-1.1281e-02
-1.2935e-02
-1.6305e-02
-3.1201e-02
-2.6349e-02
-2.9945e-02
-3.0579e-02
-3.0360e-02
-3.0899e-02
-2.9343e-02
-3.0410e-02
-2.9347e-02
-2.6774e-02
-2.4332e-02
-2.2216e-02
-2.9404e-02
-1.9732e-02
-2.0394e-02
-1.9443e-02
-2.4316e-02
-2.8271e-02
-3.0453e-02
-2.8118e-02
-2.7451e-02
-2.8213e-02
-2.8182e-02
-2.9062e-02
-3.1217e-02
-1.8508e-02
-2.5821e-02
-2.6917e-02
-2.6464e-02
-3.0103e-02
-2.7845e-02
-2.7115e-02
-2.9840e-02
-2.4058e-02
-2.0156e-02
-2.5113e-02
-2.3891e-02
-1.9425e-02
-2.3785e-02
-2.3530e-02
-2.2491e-02
-2.9034e-02
-3.0659e-02
-2.9275e-02
-2.8648e-02
-3.0068e-02
-2.8615e-02
-2.7767e-02
-2.7009e-02
-2.7482e-02
-1.9132e-02
-5.4132e-03
-2.6129e-02
-2.5950e-02
-2.5855e-02
-2.7596e-02
-2.5432e-02
-2.4893e-02
-2.7134e-02
-2.4625e-02
-2.7370e-02
-2.7884e-02
-2.6842e-02
-2.7251e-02
-8.7368e-03
-2.1678e-02
-2.7972e-02
-2.7221e-02
-2.6484e-02
-2.9330e-02
-2.8954e-02
-2.9031e-02
-2.9055e-02
-2.8257e-02
-2.9055e-02
-2.7436e-02
-2.6506e-02
-2.4228e-02
-2.6150e-02
-2.5689e-02
-2.7125e-02
-2.7285e-02
-2.8056e-02
-2.5121e-02
-2.5263e-02
-2.5343e-02
-2.4550e-02
-2.4827e-02
-2.5513e-02
-2.3370e-02
-2.5550e-02
-2.3199e-02
-2.5744e-02
-2.5981e-02
-2.6438e-02
-2.5718e-02
-2.5881e-02
-2.7053e-02
-2.7979e-02
-2.8807e-02
-2.9976e-02
-2.6190e-02
-2.9669e-02
-2.7372e-02
-1.6866e-02
-1.1809e-02
-1.0124e-02
-8.6250e-03
-1.6839e-02
-1.2026e-02
-1.0972e-02
-9.8659e-03
-1.0612e-02
-1.0131e-02
-1.1689e-02
-1.2144e-02
-1.0537e-02
-1.1898e-02
-2.0386e-02
-3.1842e-02
-2.9112e-02
-3.0886e-02
-3.0159e-02
-2.8089e-02
-3.0859e-02
-3.0142e-02
-2.8686e-02
-3.0583e-02
-3.1099e-02
-3.0454e-02
-2.7965e-02
-2.7478e-02
-2.7190e-02
-2.6954e-02
-2.6975e-02
-2.8545e-02
-2.7581e-02
-2.8471e-02
-2.7518e-02
-2.8919e-02
-3.0061e-02
-3.0106e-02
-3.1134e-02
-2.9847e-02
-2.9505e-02
-2.8346e-02
-2.5656e-02
-1.3081e-02
-8.4717e-03
-8.3717e-03
-8.2809e-03
-9.0527e-03
-5.9134e-03
-7.0826e-03
-6.2264e-03
-1.2419e-02
-1.3386e-02
-1.3666e-02
-1.1556e-02
-1.8713e-02
-2.7063e-02
-2.7078e-02
-2.7581e-02
-2.7987e-02
-2.8616e-02
-2.5982e-02
-2.8818e-02
-2.9731e-02
-3.0641e-02
-2.9758e-02
-3.0650e-02
-2.8936e-02
-3.0018e-02
-2.9336e-02
-2.8966e-02
-3.1443e-02
-2.9971e-02
-1.9101e-02
-1.6750e-02
-1.4024e-02
-1.5240e-02
-1.4860e-02
-1.5078e-02
-1.4306e-02
-2.0422e-02
-1.8540e-02
-3.1434e-02
-3.1514e-02
-3.0558e-02
-3.0236e-02
-2.9875e-02
-2.9931e-02
-2.8388e-02
-2.5999e-02
-2.0937e-02
-1.9534e-02
-2.7416e-02
-2.5084e-02
-1.7404e-02
-2.2916e-02
-2.8014e-02
-2.9756e-02
-2.8675e-02
-2.7867e-02
-2.5386e-02
-2.6480e-02
-2.4761e-02
-2.7831e-02
-2.8797e-02
-2.7076e-02
-2.7947e-02
-2.7668e-02
-2.6777e-02
-2.5419e-02
-2.6739e-02
-2.4976e-02
-2.4334e-02
-2.5570e-02
-2.9501e-02
-3.0229e-02
-2.9171e-02
-2.9623e-02
-2.5753e-02
-2.6686e-02
-2.4967e-02
-2.6668e-02
-2.3205e-02
-2.4204e-02
-2.8243e-02
-2.6988e-02
-2.5260e-02
-2.5187e-02
-1.9996e-02
-2.3191e-02
-2.5962e-02
-2.5493e-02
-2.6456e-02
-2.1549e-02
-2.8778e-02
-2.9777e-02
-2.8820e-02
-2.9523e-02
-2.3722e-02
-3.0251e-02
-3.0006e-02
-3.0676e-02
-2.8615e-02
-2.9190e-02
-2.9927e-02
-3.0248e-02
-3.0650e-02
-3.1992e-02
-2.7615e-02
-2.7133e-02
-2.7841e-02
-2.4870e-02
-2.1522e-02
-2.7406e-02
-3.1768e-02
-2.9508e-02
-2.9075e-02
-2.9291e-02
-2.3050e-02
-2.2020e-02
-2.8082e-02
-2.8624e-02
-2.8247e-02
-2.8246e-02
-2.7535e-02
-2.8404e-02
-2.7187e-02
-2.9074e-02
-2.7718e-02
-2.9868e-02
-3.0095e-02
-2.9935e-02
-2.4282e-02
-2.7658e-02
-2.5522e-02
-5.0864e-03
6.5482e-03
1.5123e-03
9.2321e-03
-1.0691e-02
-2.2390e-02
-1.8154e-02
-4.7968e-03
9.8504e-04
1.8903e-04
5.6442e-04
4.3655e-03
8.6852e-03
1.2197e-02
1.7016e-02
1.8634e-02
2.0749e-02
1.7570e-02
1.5200e-02
1.3983e-02
1.4986e-02
1.9053e-02
2.0027e-02
1.9664e-02
1.8747e-02
1.9770e-02
1.9869e-02
1.9517e-02
1.8800e-02
1.8512e-02
1.9855e-02
2.0626e-02
2.2160e-02
2.0162e-02
1.9162e-02
1.7170e-02
1.4238e-02
7.0041e-03
2.5066e-03
-3.7689e-04
-4.2002e-03
-2.4759e-03
-8.5200e-03
-5.9587e-04
-8.5143e-03
-2.0650e-02
-2.1485e-02
-2.2273e-02
-2.4489e-02
-2.3922e-02
-2.4179e-02
-2.6972e-02
-2.7523e-02
-2.8257e-02
-2.4257e-02
-2.5701e-02
-2.8898e-02
-2.6377e-02
-2.8504e-02
-2.9078e-02
-2.8135e-02
-2.9135e-02
-2.7016e-02
-2.3678e-02
-2.9388e-02
-3.0581e-02
-2.9102e-02
-1.9153e-02
-1.8369e-02
-1.9147e-02
-2.9160e-02
-3.0109e-02
-2.9247e-02
-2.7813e-02
-2.6312e-02
-2.5862e-02
-2.8307e-02
-2.3435e-02
-2.3070e-02
-2.5456e-02
-2.7760e-02
-2.4187e-02
-2.0271e-02
-1.7306e-02
-1.6707e-02
-7.6829e-03
8.7806e-03
1.3981e-02
1.3576e-02
1.5731e-02
1.5522e-02
1.4911e-02
1.1907e-02
3.2732e-04
7.8874e-03
6.1673e-03
5.4640e-03
-4.7864e-03
5.5273e-03
1.5798e-02
1.2121e-02
1.4241e-02
1.4974e-02
1.5130e-02
1.3559e-02
1.7234e-02
1.7790e-02
1.9164e-02
1.7459e-02
1.8787e-02
1.6782e-02
1.7500e-02
1.4255e-02
1.1223e-02
1.5734e-02
1.4779e-02
1.2124e-02
5.6771e-03
-6.5388e-03
-5.9717e-03
-1.0106e-02
-1.3065e-02
-1.6624e-02
-1.1114e-02
-5.0395e-03
-7.4499e-03
-6.9376e-03
-2.4720e-03
5.8265e-03
1.7100e-03
3.6133e-03
1.5301e-02
2.0512e-02
2.3434e-02
2.5153e-02
2.5060e-02
2.4303e-02
2.4477e-02
2.4147e-02
2.3610e-02
2.4190e-02
2.3294e-02
2.1596e-02
2.1588e-02
2.2285e-02
1.7755e-02
2.0957e-02
2.1419e-02
1.9875e-02
2.5809e-03
1.5438e-03
1.4121e-02
1.4499e-02
1.0406e-02
9.2380e-03
9.5840e-03
4.9708e-03
-1.2003e-02
-1.2313e-02
-1.2518e-02
-8.7950e-03
8.5032e-03
1.4146e-02
1.3656e-02
1.6901e-02
1.2581e-02
-3.3752e-03
-6.6429e-03
-6.6506e-03
1.1777e-02
1.6288e-02
1.4974e-02
1.6680e-02
1.7421e-02
1.0382e-02
1.9487e-02
2.2001e-02
2.2164e-02
2.1255e-02
2.0752e-02
2.1058e-02
-1.5435e-03
-7.2052e-04
1.1136e-02
-3.2097e-03
1.5632e-02
1.3695e-02
2.2817e-02
2.5048e-02
2.4239e-02
2.2991e-02
2.4309e-02
2.4428e-02
2.4350e-02
2.3864e-02
-7.4176e-03
-1.1593e-02
1.9152e-02
2.3273e-02
2.1338e-02
2.0995e-02
1.4521e-02
-7.1935e-03
2.4482e-03
-6.1694e-03
-5.0418e-04
-9.3367e-03
1.6739e-03
1.1997e-02
2.4533e-03
8.1601e-03
2.3081e-02
2.5708e-02
2.5037e-02
2.2148e-02
2.4466e-02
2.5240e-02
2.3516e-02
2.6725e-02
2.6855e-02
2.6680e-02
2.6404e-02
2.6290e-02
2.6280e-02
2.6660e-02
2.6691e-02
2.6781e-02
2.6955e-02
2.6672e-02
2.6441e-02
2.6371e-02
2.6508e-02
2.6375e-02
2.5328e-02
1.4519e-03
-3.0398e-03
-8.9059e-04
1.6624e-02
2.6278e-02
2.6257e-02
2.6576e-02
2.6411e-02
2.6055e-02
2.0163e-02
2.6984e-02
2.7069e-02
2.7007e-02
2.7088e-02
2.6587e-02
2.7068e-02
2.6815e-02
2.6873e-02
2.6422e-02
2.6875e-02
2.6830e-02
2.5543e-02
2.6577e-02
2.6935e-02
2.6843e-02
2.6768e-02
2.6999e-02
2.6860e-02
2.6890e-02
2.7229e-02
2.7048e-02
2.6438e-02
2.6833e-02
2.6756e-02
2.7032e-02
2.6905e-02
2.6688e-02
2.6668e-02
2.6544e-02
2.6407e-02
2.4905e-02
2.6351e-02
2.6235e-02
2.5862e-02
2.3511e-02
1.3624e-02
2.0267e-02
2.6641e-02
2.6765e-02
2.6813e-02
2.6176e-02
2.5294e-02
2.5757e-02
2.6421e-02
2.5899e-02
2.0560e-02
8.3468e-03
2.3498e-02
1.8010e-02
2.3790e-02
2.4204e-02
2.5220e-02
2.5982e-02
2.5765e-02
2.6456e-02
2.6141e-02
2.6275e-02
2.3420e-02
2.4592e-02
2.4665e-02
1.8441e-02
2.4903e-02
2.4283e-02
2.1870e-02
-2.6588e-05
-1.1484e-02
-1.0810e-02
-4.9710e-04
-7.6418e-03
1.3526e-02
2.4278e-02
2.6070e-02
2.6174e-02
2.6022e-02
2.2027e-02
1.4226e-02
2.5276e-02
2.5570e-02
2.5900e-02
2.5359e-02
2.6034e-02
2.6152e-02
2.5644e-02
2.2769e-02
2.5474e-02
2.3799e-02
2.4803e-02
2.6401e-02
2.5972e-02
2.6151e-02
2.6344e-02
2.6523e-02
2.6406e-02
2.6451e-02
2.6056e-02
2.5737e-02
2.6588e-02
2.6457e-02
2.6533e-02
2.6433e-02
2.6501e-02
2.6292e-02
2.5586e-02
2.3754e-02
1.4573e-02
1.9939e-02
2.4848e-02
2.5766e-02
2.5721e-02
2.5502e-02
2.4503e-02
2.6084e-02
2.6595e-02
2.7077e-02
2.6561e-02
2.6234e-02
2.6405e-02
2.6530e-02
2.6637e-02
2.6128e-02
2.0689e-02
2.0429e-02
2.0205e-02
1.7953e-02
2.3085e-02
2.5110e-02
2.5193e-02
2.4874e-02
2.4683e-02
2.3362e-02
2.3890e-02
2.1107e-02
2.1194e-02
2.8342e-03
-1.0946e-03
8.3976e-03
1.6980e-02
9.1914e-03
-1.0433e-02
8.1036e-03
1.3122e-02
6.4404e-03
2.3603e-02
-1.4961e-03
9.2543e-03
1.5489e-02
2.3207e-02
2.1559e-02
1.6344e-02
2.3592e-02
2.5636e-02
2.5128e-02
1.9363e-02
2.1530e-02
2.4172e-02
1.7352e-02
9.6963e-03
-6.2958e-03
-5.2611e-03
-2.2008e-03
1.2186e-02
1.7312e-02
1.3526e-02
1.5126e-02
2.1116e-02
2.3500e-02
2.2843e-02
2.3566e-02
2.3913e-02
2.3792e-02
2.3844e-02
2.4688e-02
2.4525e-02
2.5107e-02
2.2839e-02
-2.2115e-04
-4.4879e-03
-5.7340e-03
-6.4681e-03
-2.0171e-03
6.9005e-04
9.6432e-04
1.1573e-02
4.5465e-03
-1.2776e-02
-1.5652e-02
-1.0778e-02
-1.2886e-02
-3.4684e-03
2.0188e-02
2.0859e-02
1.9583e-02
1.7417e-02
1.5691e-02
2.0137e-02
2.3312e-02
2.1002e-02
1.0950e-02
-4.3220e-03
1.2054e-02
2.1330e-02
2.2644e-02
2.2621e-02
1.4919e-02
5.9148e-03
4.1598e-03
-2.5631e-03
4.3932e-03
1.9187e-02
1.7901e-02
1.9102e-02
3.1978e-03
-4.7910e-03
-1.4714e-02
-6.4134e-03
4.9404e-03
-7.7676e-03
-1.9253e-02
-2.1986e-02
-2.1460e-02
-2.2261e-02
-1.6783e-02
-7.9814e-03
8.2409e-03
-5.9492e-03
-1.7693e-02
-8.4835e-03
-6.6938e-03
1.0291e-02
1.1257e-02
1.9985e-02
1.8111e-02
1.0499e-02
1.4671e-02
1.8714e-02
1.6556e-02
1.7586e-02
1.6555e-02
1.3017e-02
1.7278e-02
2.4226e-02
2.4315e-02
2.5096e-02
2.5032e-02
2.4477e-02
2.4325e-02
2.4344e-02
2.4894e-02
2.5308e-02
2.5058e-02
2.5304e-02
2.5617e-02
2.5884e-02
2.6111e-02
2.6186e-02
2.3898e-02
1.5746e-02
2.4943e-02
2.3928e-02
2.4025e-02
2.0052e-02
2.1946e-02
2.0383e-02
1.4121e-02
1.8363e-02
1.9947e-02
1.8086e-02
1.4838e-02
2.3999e-02
2.4786e-02
2.6007e-02
2.5665e-02
2.5457e-02
2.5250e-02
2.5930e-02
2.4152e-02
2.5200e-02
2.4941e-02
2.5626e-02
2.5536e-02
2.4809e-02
2.5338e-02
2.5853e-02
2.5160e-02
2.3526e-02
1.8518e-02
-4.4041e-03
-6.5684e-03
-1.0856e-02
-1.8363e-02
-1.1198e-02
-1.4490e-02
-1.2497e-02
1.3338e-03
1.5045e-02
1.5078e-02
1.3731e-02
1.0657e-03
-3.5940e-03
-1.5042e-03
-6.9498e-03
-6.1577e-03
-8.6356e-03
1.2202e-02
2.4047e-02
2.5144e-02
2.5500e-02
2.5541e-02
2.5684e-02
2.6002e-02
2.5624e-02
2.5796e-02
2.6049e-02
2.5813e-02
2.6089e-02
2.6098e-02
2.5976e-02
2.6049e-02
2.5537e-02
2.5707e-02
2.5540e-02
2.5699e-02
1.9371e-02
2.0710e-02
2.2965e-02
1.8257e-02
2.5537e-02
2.5731e-02
2.5652e-02
2.5475e-02
2.5712e-02
2.5912e-02
2.5859e-02
2.5670e-02
2.5217e-02
2.0338e-02
2.3681e-02
2.3736e-02
2.4262e-02
2.5973e-02
2.5835e-02
2.6035e-02
2.6003e-02
2.5839e-02
2.5806e-02
2.5658e-02
2.5809e-02
2.5601e-02
2.5498e-02
2.5698e-02
2.5790e-02
2.5797e-02
2.6156e-02
2.5834e-02
2.6006e-02
2.5679e-02
2.5522e-02
2.5078e-02
1.9226e-02
2.2444e-02
2.2636e-02
2.2634e-02
1.5998e-02
1.3610e-02
2.1657e-02
1.9690e-02
1.2420e-02
6.4665e-03
1.0286e-02
1.5078e-02
1.8550e-02
2.2328e-02
1.8902e-02
8.7582e-03
-3.9393e-03
-1.6444e-02
-1.9106e-02
-2.3350e-02
-2.5767e-02
-2.8799e-02
-2.9273e-02
-2.7674e-02
-2.8997e-02
-3.0475e-02
-3.0198e-02
-2.6896e-02
-2.9525e-02
-2.9930e-02
-3.0169e-02
-2.6687e-02
-2.7915e-02
-2.9309e-02
-3.0169e-02
-2.4510e-02
-2.7536e-02
-2.7049e-02
-2.5196e-02
-2.7529e-02
-2.5444e-02
-2.7155e-02
-2.9459e-02
-2.4556e-02
-2.6068e-02
-2.8707e-02
-2.8509e-02
-2.9069e-02
-1.8421e-02
-1.1173e-02
-1.0140e-02
-7.7327e-03
-6.0716e-03
-1.1253e-02
-2.6012e-02
-2.4827e-02
-2.7152e-02
-2.7849e-02
-1.8801e-02
-2.5422e-02
-2.5046e-02
-1.9547e-02
-9.9200e-03
-2.0982e-04
-4.3696e-03
2.1841e-03
-8.3304e-04
-2.0256e-02
-2.5513e-02
-2.7489e-02
-1.2865e-02
-9.1990e-03
-5.3430e-03
-5.4729e-03
-1.7891e-02
-2.2776e-02
-1.4210e-02
-1.9905e-02
-4.6396e-03
9.5255e-03
7.2912e-03
2.4398e-03
7.6614e-03
4.9703e-03
6.6313e-03
5.7299e-03
9.5964e-04
-4.4571e-03
6.1254e-03
4.1928e-03
-1.8962e-03
-8.9464e-03
-9.3017e-03
-1.0028e-02
-2.1746e-02
-2.1032e-02
-1.8959e-02
-2.0957e-02
-2.3206e-02
-2.1028e-02
-2.1812e-02
-1.8086e-02
-6.1070e-04
-2.5102e-03
-1.3915e-02
-3.2106e-03
-1.1120e-02
-5.8466e-03
4.5501e-03
-4.6784e-03
1.2676e-02
1.5856e-02
1.7745e-02
1.9149e-02
1.9807e-02
1.9463e-02
2.0645e-02
2.0540e-02
1.7108e-02
9.1752e-03
9.9733e-03
8.9191e-04
6.5609e-04
-6.3132e-03
1.7738e-03
3.2227e-04
-6.7175e-03
-6.5877e-03
-4.9163e-03
-5.3707e-03
-2.6895e-03
6.5696e-03
1.7907e-02
1.8172e-02
1.8249e-02
1.8176e-02
1.2618e-02
1.1774e-02
1.9554e-02
-5.3567e-04
1.8178e-02
1.7988e-02
1.8177e-02
1.8165e-02
1.8202e-02
1.9653e-02
1.9303e-02
1.8154e-02
1.8206e-02
1.8185e-02
1.8103e-02
1.7829e-02
1.8166e-02
1.7521e-02
-8.3085e-03
1.8154e-02
1.8155e-02
1.8139e-02
1.8169e-02
6.9095e-03
1.7443e-02
1.8218e-02
-1.0276e-02
-1.3600e-02
-1.1166e-02
-8.3772e-03
1.0634e-03
-4.9945e-03
-2.7259e-02
-2.6803e-02
-1.7077e-02
-8.4880e-03
1.4544e-02
1.8101e-02
1.8108e-02
1.8152e-02
1.8155e-02
1.8053e-02
1.5342e-02
-1.5263e-02
-1.7943e-02
-1.6194e-02
-1.7578e-03
-5.3284e-03
-1.8340e-02
-1.5573e-02
-7.7952e-03
-1.2613e-02
1.7447e-02
1.8126e-02
1.8154e-02
-1.0566e-02
2.1248e-03
1.8099e-02
1.8472e-02
1.7920e-02
1.7600e-02
1.8028e-02
1.7573e-02
1.8175e-02
1.8143e-02
1.9267e-02
2.0150e-02
1.5328e-02
1.3646e-02
7.9628e-03
1.9563e-02
1.8189e-02
1.8081e-02
1.8356e-02
1.6157e-02
-2.2215e-02
-2.6337e-02
-2.4908e-02
-2.5958e-02
-2.6186e-02
-2.4831e-02
-2.4599e-02
-2.5586e-02
-2.3871e-02
-2.4281e-02
-2.4820e-02
-2.5666e-02
-2.5855e-02
-2.6125e-02
-2.6666e-02
-2.7465e-02
-2.7518e-02
-2.6771e-02
-2.6760e-02
-2.7196e-02
-2.7088e-02
-2.1861e-02
-1.5978e-02
-9.6320e-03
-3.1231e-03
-6.8172e-03
-8.6180e-03
-4.5459e-03
-5.3409e-03
-6.2164e-03
-1.2631e-02
-8.2862e-03
-8.2181e-03
-1.0850e-02
-2.1032e-02
-2.0417e-02
-2.2023e-02
-2.8305e-02
-2.7334e-02
-2.5842e-02
-2.4743e-02
-2.6026e-02
-2.4347e-02
-2.6605e-02
-2.5648e-02
-2.6671e-02
-2.5578e-02
-2.5899e-02
-2.4677e-02
-2.7325e-02
-2.7231e-02
-2.5839e-02
-2.5685e-02
-2.5773e-02
-2.4458e-02
-2.3668e-02
-2.3855e-02
-2.3065e-02
-2.2285e-02
-2.2207e-02
-2.2695e-02
-2.3448e-02
-2.4605e-02
-2.4069e-02
-2.3964e-02
-2.6804e-02
-2.7338e-02
-2.7376e-02
-2.9317e-02
-2.8934e-02
-2.9085e-02
-2.8524e-02
-2.8760e-02
-2.6910e-02
-2.0828e-02
-1.9136e-02
-2.2194e-02
-2.1435e-02
-1.3846e-02
-1.7021e-02
-7.5123e-03
-5.3488e-03
-6.1857e-03
-4.0100e-03
-2.1808e-03
6.9061e-03
9.3760e-03
1.0445e-02
6.8081e-03
2.8218e-03
2.8506e-03
-7.7772e-03
-1.5061e-02
2.3578e-03
9.8660e-03
1.2724e-02
1.3823e-02
1.4395e-02
8.0956e-03
-2.9785e-03
-1.8426e-02
-1.9475e-02
-2.5803e-02
-2.7444e-02
-2.6156e-02
-2.6675e-02
-2.1583e-02
-2.3400e-02
-2.4104e-02
-2.5613e-02
-2.4887e-02
-2.5475e-02
-2.7888e-02
-2.7765e-02
-2.7679e-02
-2.6490e-02
-1.2240e-02
3.2025e-03
-1.8490e-02
-2.2254e-02
-1.6301e-02
-1.1330e-02
2.5354e-04
2.6531e-03
3.7849e-03
-7.4098e-05
-1.8890e-03
-1.0226e-02
-8.7373e-03
5.6066e-03
1.7297e-02
1.9405e-02
2.1258e-02
2.0497e-02
1.3253e-02
1.9015e-02
2.3115e-02
2.3611e-02
2.3767e-02
2.3805e-02
2.3139e-02
2.2215e-02
2.3035e-02
2.2422e-02
2.2477e-02
2.2703e-02
2.2050e-02
2.1826e-02
2.1864e-02
2.1540e-02
2.1248e-02
2.2552e-02
2.1918e-02
1.9919e-02
1.8524e-02
1.5807e-02
1.7444e-02
1.4155e-02
-6.1754e-03
-5.4932e-03
-9.8473e-03
1.8856e-02
1.6771e-02
1.3585e-02
2.1887e-02
2.2439e-02
2.2195e-02
2.3400e-02
2.3410e-02
2.1262e-02
9.4080e-04
5.6327e-03
1.3021e-03
-1.6869e-03
-1.4599e-02
-1.4343e-02
-1.6344e-02
-1.9012e-02
-2.2815e-02
-2.1125e-02
-1.6673e-02
-2.0397e-02
-1.8804e-02
-2.0361e-02
-1.6418e-02
-4.3871e-03
-1.0879e-02
-6.2365e-04
5.5566e-03
5.5156e-03
2.2687e-04
-8.2883e-03
-1.4217e-02
-1.4175e-03
5.6959e-03
-2.1365e-03
-2.6397e-03
-5.3272e-04
-9.2241e-03
-5.1446e-03
-1.1093e-02
5.0256e-03
7.4016e-03
1.5659e-02
1.7866e-02
2.0132e-02
1.8795e-02
1.1637e-02
1.8662e-02
2.1052e-02
2.0775e-02
2.1804e-02
2.0732e-02
2.1553e-02
1.6525e-02
1.5857e-02
-7.5907e-03
-1.5310e-02
-4.8290e-03
-1.0074e-02
5.4568e-03
6.5160e-03
5.2031e-03
-8.0596e-03
-4.3088e-03
-1.3292e-02
-4.4405e-03
-8.6888e-03
-2.9997e-03
-2.8103e-04
6.7367e-03
1.0153e-02
9.8301e-03
4.2434e-04
-1.0434e-02
-1.4987e-02
-7.6398e-03
6.4601e-03
2.8466e-03
-1.2483e-02
-1.7650e-02
-1.4866e-02
-7.8090e-03
-9.2616e-03
5.7332e-03
5.3240e-03
7.5872e-03
1.1399e-02
1.2486e-02
-5.7500e-03
-6.4195e-03
-1.4291e-02
-1.5511e-03
-1.2316e-02
-5.1910e-03
6.5136e-03
1.1353e-02
9.6059e-03
9.6961e-03
1.1630e-02
9.3992e-03
7.4712e-03
2.2267e-03
-8.6003e-04
2.2299e-02
2.2292e-02
2.1100e-02
2.1122e-02
2.2218e-02
2.1110e-02
1.9844e-02
2.0437e-02
2.0448e-02
2.1110e-02
2.0840e-02
2.1583e-02
2.1991e-02
2.1229e-02
2.2585e-02
2.1009e-02
2.0282e-02
2.0815e-02
1.5797e-02
2.1449e-02
2.2821e-02
2.0900e-02
1.7945e-02
2.0587e-03
4.8338e-03
1.5661e-02
1.9085e-02
1.2951e-02
-7.8649e-03
-9.8973e-03
-7.7806e-03
7.0997e-03
1.9610e-02
1.9537e-02
1.7179e-02
7.8407e-03
-1.6365e-02
-1.9206e-02
-1.5832e-02
-1.5646e-02
-1.1954e-02
-8.7819e-03
-1.4869e-02
-1.1927e-02
-1.0884e-02
-1.1605e-02
-1.8142e-02
-2.3551e-02
-2.5404e-02
-1.9539e-02
-1.6313e-03
-1.0908e-02
-1.9773e-02
-1.7903e-02
-8.1575e-03
-6.8514e-03
2.5028e-03
-5.5294e-03
-7.5323e-03
-9.5839e-03
-9.1104e-03
-1.6359e-02
-1.4029e-02
-2.3671e-02
-2.4440e-02
-2.3391e-02
-2.4070e-02
-2.0828e-02
-2.4638e-02
-2.2386e-02
-2.2289e-02
-1.5896e-02
-2.4239e-02
-2.3189e-02
-1.5992e-02
-1.6558e-02
-1.8627e-02
-1.0302e-02
-4.1809e-04
7.8567e-03
1.3867e-02
1.3434e-02
9.2001e-03
9.5486e-03
2.0322e-03
-2.1298e-03
-4.8797e-03
1.9860e-03
4.4744e-03
9.7828e-03
1.1882e-02
9.8442e-03
1.8928e-02
1.8665e-02
2.2430e-02
2.5899e-02
2.6246e-02
2.6549e-02
2.5700e-02
2.4811e-02
1.9263e-02
3.5014e-03
1.8212e-02
2.2442e-02
2.2264e-02
1.8683e-02
1.8344e-02
2.2940e-02
2.4670e-02
2.5174e-02
2.5767e-02
2.6334e-02
2.6551e-02
2.6635e-02
2.6843e-02
2.6278e-02
2.5586e-02
1.3669e-02
2.1328e-02
2.5567e-02
2.6443e-02
2.6558e-02
2.6630e-02
2.6649e-02
2.6624e-02
2.6604e-02
2.6630e-02
2.6546e-02
2.6584e-02
2.6451e-02
2.6447e-02
2.6225e-02
2.6332e-02
2.6206e-02
2.6080e-02
2.5280e-02
2.6408e-02
2.6331e-02
2.5876e-02
2.6336e-02
2.6177e-02
2.5523e-02
2.5807e-02
2.6115e-02
2.6033e-02
2.5698e-02
2.6010e-02
2.6104e-02
2.6378e-02
2.4989e-02
2.5973e-02
2.6303e-02
2.5913e-02
2.5157e-02
2.5654e-02
2.5542e-02
2.5940e-02
2.5887e-02
2.6052e-02
2.5930e-02
2.5870e-02
2.5378e-02
1.1407e-02
-3.9704e-03
2.1568e-02
2.2844e-02
2.3739e-02
1.6166e-02
-2.1471e-03
7.2394e-03
1.7009e-02
2.4439e-02
2.3307e-02
2.4160e-02
2.6235e-02
2.6349e-02
2.6271e-02
2.6514e-02
2.6033e-02
2.6096e-02
2.5340e-02
2.5885e-02
2.5886e-02
2.6115e-02
2.5876e-02
2.4207e-02
2.4693e-02
2.5846e-02
2.5721e-02
2.4523e-02
2.5716e-02
2.5691e-02
2.6284e-02
2.5965e-02
2.5887e-02
2.5948e-02
2.5967e-02
2.5902e-02
2.6078e-02
2.5638e-02
2.6176e-02
2.5824e-02
2.6196e-02
2.6025e-02
2.5770e-02
2.5380e-02
2.5966e-02
2.6180e-02
2.1765e-02
1.4863e-02
2.4980e-02
2.5439e-02
2.5558e-02
2.5591e-02
2.5094e-02
2.3862e-02
2.5001e-02
2.5513e-02
2.4167e-02
8.4202e-03
1.3789e-02
2.1763e-02
1.7995e-02
-1.2671e-03
5.2951e-04
6.6911e-03
5.3470e-03
1.1263e-03
-1.3559e-03
1.5446e-03
1.1670e-02
2.0022e-02
1.9303e-02
2.2165e-02
2.1712e-02
2.2112e-02
2.0731e-02
1.5102e-02
1.2400e-02
2.4832e-03
-5.7044e-05
-1.1071e-02
-1.0060e-02
-1.7825e-02
-2.1974e-02
-2.1337e-02
-2.5201e-02
-2.8631e-02
-2.7518e-02
-2.5462e-02
-1.9062e-02
-2.7529e-02
-3.1166e-02
-2.3998e-02
-2.2250e-02
-2.6313e-02
-3.0268e-02
-3.0184e-02
-2.8640e-02
-3.0705e-02
-2.7506e-02
-2.5618e-02
-2.1065e-02
-2.8167e-02
-2.7178e-02
-2.9058e-02
-2.9424e-02
-2.9586e-02
-2.6547e-02
-2.6172e-02
-2.9827e-02
-2.7742e-02
-2.6835e-02
-2.5921e-02
-2.7998e-02
-2.8924e-02
-2.4658e-02
-1.7538e-02
-1.9502e-02
-2.1878e-02
-2.0211e-02
-2.9134e-02
-2.9898e-02
-2.9028e-02
-2.4865e-02
-2.4012e-02
-1.9326e-02
-2.2295e-02
-2.7394e-02
-2.9058e-02
-3.0324e-02
-2.6442e-02
-2.8392e-02
-2.8638e-02
-2.8915e-02
-2.7019e-02
-1.9309e-02
1.4071e-03
1.7787e-02
7.3337e-03
-1.8572e-02
-6.9580e-03
1.7472e-02
-1.8512e-04
-1.8434e-02
-2.6493e-02
-2.8077e-02
-2.8220e-02
-2.7147e-02
-2.8283e-02
-2.5266e-02
-1.4386e-02
-1.9325e-02
-2.4233e-02
-2.5577e-02
-3.9555e-03
-2.0333e-02
-2.7019e-02
-2.5773e-02
-1.6496e-02
-5.6873e-03
-5.8566e-03
2.2227e-03
7.7493e-03
1.0061e-02
1.0472e-02
1.4381e-02
1.3716e-02
1.3537e-02
1.3336e-02
4.0228e-03
1.1703e-02
1.3040e-02
9.2615e-03
8.6108e-03
-2.3866e-03
-1.2844e-02
-1.8228e-02
8.2539e-03
1.7382e-02
1.9497e-02
1.7327e-02
1.1080e-02
-5.3363e-03
1.0068e-02
1.3228e-02
8.5068e-03
1.4409e-02
1.7205e-02
1.9444e-02
1.8192e-02
9.6933e-03
-1.2839e-02
-1.8050e-02
-1.4448e-02
-2.1999e-02
-2.2645e-02
-2.2602e-02
-2.2750e-02
-2.2835e-02
-2.2689e-02
-2.3283e-02
-2.2879e-02
-2.2904e-02
-2.4205e-02
-2.3494e-02
-2.3261e-02
-2.1321e-02
-2.1740e-02
-2.2174e-02
-1.1374e-02
3.9561e-03
1.2729e-02
1.8702e-02
2.1763e-02
2.1407e-02
2.2714e-02
2.1804e-02
2.2075e-02
2.2618e-02
2.3037e-02
2.1313e-02
1.2997e-02
1.5722e-02
1.6775e-02
1.5245e-02
2.2444e-02
2.5542e-02
2.6353e-02
2.5362e-02
2.5945e-02
2.6029e-02
2.6189e-02
2.6027e-02
2.5913e-02
1.7728e-02
2.4187e-02
2.6114e-02
2.5675e-02
2.6103e-02
2.5900e-02
2.6136e-02
2.5850e-02
2.5724e-02
2.6145e-02
2.5235e-02
2.5747e-02
2.5860e-02
2.5441e-02
2.5671e-02
2.5246e-02
2.5463e-02
2.5374e-02
2.4614e-02
2.1949e-02
1.8358e-02
2.4239e-02
2.5872e-02
2.5915e-02
2.5774e-02
2.5548e-02
2.5132e-02
1.9708e-02
2.2622e-02
2.5073e-02
2.5993e-02
2.5828e-02
2.5813e-02
2.5861e-02
2.5122e-02
1.8613e-02
1.0320e-02
2.1828e-02
2.2440e-02
1.3715e-02
2.3117e-02
2.3613e-02
2.4161e-02
2.4311e-02
7.4311e-03
-7.8232e-03
-2.6264e-03
3.1580e-03
1.6901e-02
2.0323e-02
2.3309e-02
1.7912e-02
1.3958e-02
1.8332e-02
1.6139e-02
4.7445e-03
1.2502e-02
2.2847e-02
2.1014e-02
1.4974e-02
7.6646e-03
-7.9616e-03
-1.5783e-02
-1.1885e-02
-3.0739e-03
1.0011e-02
1.8545e-02
1.9391e-02
1.9702e-02
1.8353e-02
-4.7632e-03
-1.1886e-02
4.8356e-04
1.4604e-02
1.4347e-02
8.2139e-03
-2.8568e-03
6.9528e-03
1.4430e-02
7.3421e-03
1.5735e-02
-4.4220e-03
-1.4061e-02
-7.3878e-03
1.7525e-02
-6.1964e-03
-2.3009e-02
-2.3134e-02
-2.1114e-02
-1.4598e-02
1.1242e-02
6.7754e-03
-6.2632e-03
1.0637e-02
2.0833e-02
2.2101e-02
2.1401e-02
2.1196e-02
1.2684e-02
-1.1166e-02
6.7500e-03
2.4312e-03
-1.2750e-02
-2.1218e-02
-2.1570e-02
-2.6431e-02
-2.7291e-02
-2.6060e-02
-2.8042e-02
-2.0688e-02
-1.3967e-02
-2.5600e-02
-2.5608e-02
-2.1054e-02
-1.1701e-02
6.3609e-03
1.1970e-02
1.0937e-02
9.6526e-03
7.2097e-03
2.2593e-03
4.1293e-03
-1.1300e-02
3.9373e-03
3.5019e-03
-2.0315e-02
-2.2608e-02
-5.9032e-03
-1.0306e-02
-2.0015e-02
6.4353e-03
-4.3160e-03
-1.1098e-02
-5.9498e-03
-6.0126e-03
-8.1351e-03
-1.1588e-02
-2.4873e-02
-2.3951e-02
-2.8073e-02
-2.7531e-02
-1.0143e-02
-9.3660e-03
-7.3492e-03
-1.7553e-02
-2.8406e-02
-2.5421e-02
-1.1661e-02
-1.7019e-03
8.7264e-04
-5.4765e-03
-8.1775e-03
-5.8675e-03
-1.5743e-02
-1.6316e-02
-1.3123e-03
-1.6046e-02
-1.8950e-02
-1.9187e-02
-1.9930e-02
-5.8614e-03
6.1789e-03
8.3913e-03
1.0656e-02
1.2014e-02
1.4919e-02
1.1518e-02
1.2567e-02
1.1295e-02
1.0460e-02
5.9682e-03
1.0540e-02
4.6883e-03
-4.7970e-03
-1.6713e-03
1.2882e-03
-2.1370e-04
-5.8538e-03
-1.9859e-03
-1.3272e-02
-2.0085e-02
-1.3247e-02
5.0800e-03
3.0392e-03
4.6622e-03
-6.3124e-03
-2.0588e-02
-2.2315e-02
-2.6387e-02
-2.7558e-02
-2.8187e-02
-2.8614e-02
-1.0866e-02
-2.8622e-02
-2.7687e-02
-2.0590e-02
-2.5984e-02
-2.7403e-02
-2.6786e-02
-2.6504e-02
-2.2883e-02
-2.2246e-02
-2.1897e-02
-2.4393e-02
-2.2981e-02
-1.6987e-02
-1.6310e-02
-1.3822e-02
-6.7269e-03
-8.7097e-03
-3.8396e-03
1.5327e-02
8.5631e-03
1.3106e-02
2.1469e-02
2.3107e-02
2.3895e-02
2.4230e-02
2.4350e-02
2.4628e-02
2.4695e-02
2.5310e-02
2.4811e-02
2.4165e-02
2.3424e-02
2.3074e-02
2.3969e-02
2.5368e-02
2.5356e-02
2.5638e-02
2.5787e-02
2.5858e-02
2.5324e-02
2.5728e-02
2.5784e-02
2.5611e-02
2.5683e-02
2.5488e-02
2.4967e-02
2.4965e-02
2.5351e-02
2.5327e-02
2.4540e-02
2.4379e-02
2.3793e-02
2.3895e-02
2.4263e-02
2.4877e-02
2.5067e-02
2.4223e-02
2.3436e-02
2.3863e-02
2.5007e-02
2.4983e-02
2.4795e-02
2.4842e-02
2.4508e-02
2.4454e-02
2.4190e-02
1.7815e-02
1.1636e-02
2.0111e-02
2.1209e-02
1.3554e-02
1.8770e-02
2.3170e-02
2.1586e-02
2.4755e-02
2.5523e-02
2.4242e-02
2.4190e-02
2.4108e-02
2.2657e-02
2.4047e-02
2.1982e-02
1.9046e-02
9.9853e-03
-7.4061e-03
9.8493e-03
8.3383e-03
1.0047e-02
1.1375e-02
1.2065e-02
1.3829e-02
1.1747e-02
8.3878e-03
1.2437e-02
-8.0202e-04
-1.0866e-02
-1.9188e-03
4.1854e-03
-9.6995e-03
-1.1499e-02
-2.0860e-02
-1.7570e-02
-9.8912e-04
5.2535e-03
8.6592e-03
7.6365e-03
8.0539e-03
2.8361e-03
-4.4874e-03
-2.5569e-03
-4.2828e-03
-7.0126e-03
2.9167e-03
-2.4607e-03
-4.7735e-03
-7.7505e-03
-1.4254e-02
-2.0138e-02
-1.4224e-02
-1.0443e-02
-1.2235e-02
2.0536e-03
2.0768e-03
-8.6505e-05
6.2961e-03
-7.4331e-06
1.4987e-02
2.2286e-02
2.3143e-02
2.3330e-02
2.2728e-02
2.4027e-02
2.4340e-02
2.3289e-02
2.1972e-02
1.0913e-02
8.5224e-03
1.8175e-02
9.4826e-03
1.8845e-02
1.6706e-02
-1.1442e-02
1.4029e-02
