1.0000e+00
9.9949e-01
9.9962e-01
9.9558e-01
9.9939e-01
7.1863e-01
-2.0037e-01
-2.1169e-01
-1.0430e-01
-1.6121e-01
-7.0127e-02
-2.4218e-01
-9.5635e-02
-1.6471e-01
2.1879e-02
-4.0298e-01
-4.1275e-01
-3.6784e-01
-2.3580e-01
-4.7001e-01
-3.1388e-01
-3.4079e-01
-3.6610e-01
-3.3055e-01
8.6009e-01
-5.4455e-02
-1.0734e-01
-1.4157e-01
-1.2670e-01
-1.2947e-01
-1.2658e-01
-1.6199e-01
-2.2245e-01
-5.6978e-01
-5.8303e-01
-5.4830e-01
2.6900e-01
9.8150e-01
-2.1689e-01
-1.0308e-01
-1.0065e-01
-5.3865e-02
-7.3492e-02
-1.5736e-02
-8.1549e-02
-5.3771e-02
-1.2632e-01
-1.1710e-02
-4.7013e-02
6.3819e-02
-1.1365e-02
-5.5372e-02
-1.1910e-01
-1.3915e-01
-1.5751e-01
-1.7673e-01
-2.0514e-01
-4.3293e-01
-6.2084e-01
-5.7235e-01
-5.9940e-01
-5.7084e-01
-5.8877e-01
-5.3091e-01
-5.2450e-01
-5.5340e-01
-6.0150e-01
-5.8168e-01
-3.4736e-01
-3.4036e-01
-2.5349e-01
-2.9548e-01
-3.2793e-01
-3.6443e-01
-3.4550e-01
-4.3011e-01
-4.9044e-01
-5.4122e-01
-4.6404e-01
-5.1831e-01
-5.5107e-01
-4.3803e-01
-4.5488e-01
-3.9783e-01
-3.3269e-01
-3.6210e-01
-3.6052e-01
-4.0637e-01
-4.1480e-01
-3.7564e-01
-3.9581e-01
-4.1318e-01
-4.4151e-01
-2.6615e-01
-3.2297e-01
-3.2031e-01
-2.6833e-01
-2.6234e-01
-3.1293e-01
-3.3225e-01
-2.9650e-01
-3.0374e-01
-2.6967e-01
-3.5581e-01
-3.9087e-01
-3.8227e-01
-4.0486e-01
-3.6921e-01
-3.8925e-01
-3.5238e-01
-3.2374e-01
-4.4776e-01
-4.1077e-01
-3.3998e-01
-3.3093e-01
-4.3472e-01
-4.1243e-01
-4.1277e-01
-4.0353e-01
-4.3623e-01
-5.1424e-01
-5.2563e-01
-5.5574e-01
-5.5072e-01
-4.7588e-01
-2.9853e-01
-9.8652e-02
7.9419e-01
9.9763e-01
8.6604e-01
9.9560e-01
9.9863e-01
9.9962e-01
9.9963e-01
8.2920e-01
-2.2398e-01
-3.1525e-01
-5.7899e-01
-4.6870e-01
-3.0586e-01
-1.1137e-01
-1.2708e-01
-6.5599e-02
-1.3209e-01
-9.2561e-02
-4.1476e-01
-2.8519e-01
-3.7535e-01
-3.3753e-01
-3.7788e-01
-3.3737e-01
-5.2715e-01
-5.7025e-01
-4.8197e-01
-5.4400e-01
-4.6685e-01
-4.0293e-01
-4.1740e-01
-3.1334e-01
-3.7164e-01
-3.2929e-01
-3.4984e-01
-3.6497e-01
-3.3968e-01
-3.4646e-01
-2.0220e-02
-1.8673e-01
-7.0606e-02
8.5917e-01
-1.1352e-01
-3.0629e-01
-3.5642e-01
-3.4377e-01
-2.7762e-01
-4.2301e-01
-3.6840e-01
-2.9490e-01
-2.1668e-01
-1.9353e-01
-2.5150e-01
-2.2796e-01
-1.9739e-01
-2.6838e-01
-3.1282e-01
-2.2288e-01
-1.9793e-01
-1.9850e-01
-2.5915e-01
-3.3048e-01
-5.0217e-01
-3.8838e-01
-3.7098e-01
-3.8188e-01
-5.0866e-01
-5.2692e-01
-4.9592e-01
-4.7597e-01
-5.3878e-01
-4.3329e-01
-3.6995e-01
-3.4647e-01
-4.9866e-01
-2.6446e-01
-3.8446e-01
-3.2128e-01
-3.6596e-01
-4.0255e-01
-3.6000e-01
-2.5139e-01
-2.2658e-01
-2.6495e-01
-2.7184e-01
-3.2148e-01
-4.1916e-01
5.1877e-02
-2.6861e-01
-2.7374e-01
-1.6486e-01
-3.4474e-01
-2.5027e-01
-1.7820e-01
-3.9539e-01
-3.3862e-01
-2.7685e-01
-2.9673e-01
-3.2113e-01
-2.5590e-01
-3.2373e-01
-3.6426e-01
-2.9864e-01
-2.8219e-01
-3.6787e-01
-3.5918e-01
-2.4121e-01
-3.7013e-01
-2.9868e-01
-2.8607e-01
-2.4639e-01
-2.7716e-01
8.6371e-02
5.0957e-01
-3.9566e-01
-3.4799e-01
-3.7730e-01
-3.6641e-01
-3.4636e-01
-2.3938e-01
-3.4133e-01
-2.3720e-01
-4.8344e-01
-4.1815e-01
-4.1975e-01
-3.1156e-01
4.4891e-01
1.4893e-02
-3.1606e-01
-2.9220e-01
-3.4510e-01
-3.4286e-01
-3.4233e-01
-3.4639e-01
-3.4160e-01
-2.9130e-01
-3.5231e-01
-2.5093e-01
-2.6755e-01
-1.6029e-01
-2.6360e-01
-2.2928e-01
-2.5121e-01
-2.6077e-01
-3.0821e-01
-1.8815e-01
-1.6979e-01
-2.0231e-01
-1.7546e-01
-2.1624e-01
-2.0520e-01
-1.1090e-01
-2.4421e-01
-1.1403e-01
-2.7197e-01
-2.3538e-01
-2.2832e-01
-1.8384e-01
-2.0236e-01
-2.3873e-01
-2.3257e-01
-3.4663e-01
-3.6340e-01
-2.2882e-01
-3.9008e-01
-3.9824e-01
-3.2159e-01
-2.0611e-01
-1.5875e-01
-8.5365e-02
-3.4335e-01
-2.2927e-01
-2.1348e-01
-2.1278e-01
-2.2926e-01
-1.9252e-01
-2.6894e-01
-2.4338e-01
-1.9991e-01
-2.0682e-01
-3.5153e-01
-4.6871e-01
-3.9822e-01
-3.4924e-01
-3.6267e-01
-3.5050e-01
-4.0739e-01
-3.5053e-01
-3.2017e-01
-3.5961e-01
-3.7810e-01
-3.4227e-01
-2.7716e-01
-2.9168e-01
-2.5277e-01
-2.6263e-01
-2.7956e-01
-2.8029e-01
-2.4762e-01
-3.1219e-01
-2.3854e-01
-2.9498e-01
-3.3990e-01
-3.8272e-01
-3.8381e-01
-4.6020e-01
-4.8694e-01
-4.2501e-01
-4.9201e-01
-3.1565e-01
-2.1815e-01
-2.4631e-01
-2.4259e-01
-2.8001e-01
-1.4749e-01
-1.9703e-01
-1.5520e-01
-3.0280e-01
-3.2914e-01
-2.9707e-01
-2.7828e-01
-3.4986e-01
-4.6976e-01
-2.9251e-01
-3.1445e-01
-2.8669e-01
-3.1159e-01
-1.8057e-01
-3.1752e-01
-3.1167e-01
-4.0557e-01
-3.3820e-01
-3.6463e-01
-2.7162e-01
-3.2210e-01
-3.0537e-01
-2.9187e-01
-4.0616e-01
-4.8216e-01
-3.2718e-01
-3.2851e-01
-2.5862e-01
-2.9729e-01
-2.9550e-01
-2.9720e-01
-2.4235e-01
-3.6547e-01
-3.0156e-01
-4.5131e-01
-4.1960e-01
-3.9891e-01
-3.6667e-01
-3.3900e-01
-3.4471e-01
-3.9868e-01
-4.2100e-01
-3.3388e-01
-2.7551e-01
-3.8567e-01
-3.1065e-01
-2.3747e-01
-3.5373e-01
-3.1557e-01
-4.0044e-01
-3.0189e-01
-3.0592e-01
-1.7097e-01
-2.1787e-01
-1.2639e-01
-2.8198e-01
-3.1920e-01
-2.3284e-01
-3.0077e-01
-3.0280e-01
-2.6346e-01
-2.1344e-01
-2.7948e-01
-2.2155e-01
-2.7745e-01
-2.8091e-01
-4.0780e-01
-4.5756e-01
-4.9936e-01
-4.8862e-01
-4.3955e-01
-4.4244e-01
-5.0298e-01
-5.1658e-01
-4.9454e-01
-5.1874e-01
-5.3943e-01
-5.2234e-01
-4.4754e-01
-4.4907e-01
-3.0480e-01
-3.3838e-01
-3.7318e-01
-4.0994e-01
-3.9307e-01
-2.6477e-01
-3.7989e-01
-4.0758e-01
-3.8254e-01
-4.4652e-01
-2.8407e-01
-3.9141e-01
-4.1383e-01
-3.9682e-01
-3.5065e-01
-4.0862e-01
-3.5391e-01
-3.9652e-01
-4.5625e-01
-4.7083e-01
-4.6763e-01
-4.9973e-01
-5.2410e-01
-4.4299e-01
-4.2925e-01
-4.9569e-01
-4.7866e-01
-4.0696e-01
-4.2357e-01
-4.2271e-01
-3.1790e-01
-3.3895e-01
-3.9765e-01
-3.8617e-01
-3.7586e-01
-3.6431e-01
-3.1731e-01
-3.9368e-01
-3.2207e-01
-4.4053e-01
-3.8399e-01
-4.7517e-01
-4.9676e-01
-6.3955e-01
-6.3418e-01
-6.8412e-01
-6.1945e-01
-3.3642e-01
9.8760e-02
-1.8611e-01
1.9097e-01
-5.1270e-01
-6.0277e-01
-6.1484e-01
-4.5088e-01
-2.8990e-01
-3.0980e-01
-3.4678e-01
-2.7292e-01
-1.5712e-01
-8.3377e-02
1.3352e-01
1.9975e-01
2.9790e-01
1.1525e-01
1.2168e-02
-7.1562e-02
-3.9632e-02
1.3037e-01
2.3121e-01
2.9659e-01
2.3072e-01
3.3679e-01
2.7527e-01
3.0961e-01
3.0627e-01
2.9137e-01
3.2997e-01
3.7697e-01
3.5322e-01
1.6760e-01
1.2704e-01
1.5037e-02
-7.5873e-02
-1.8746e-01
-2.4971e-01
-2.5051e-01
-2.9530e-01
-1.4644e-01
-3.3699e-01
-2.7925e-01
-3.9976e-01
-4.9769e-01
-3.9441e-01
-3.5001e-01
-4.7797e-01
-4.2090e-01
-3.5001e-01
-4.8838e-01
-5.2412e-01
-4.9898e-01
-4.4163e-01
-4.6359e-01
-4.4041e-01
-3.3437e-01
-4.6513e-01
-4.8295e-01
-4.6046e-01
-4.9450e-01
-4.9313e-01
-5.2982e-01
-5.8602e-01
-6.2630e-01
-6.2303e-01
-4.5910e-01
-5.1171e-01
-4.9774e-01
-5.9375e-01
-5.3580e-01
-5.6409e-01
-5.5277e-01
-6.2238e-01
-6.1203e-01
-5.8312e-01
-4.9070e-01
-5.8886e-01
-6.1497e-01
-6.0468e-01
-5.9732e-01
-6.1377e-01
-5.1113e-01
-4.8398e-01
-4.1042e-01
-1.0626e-01
6.7732e-02
2.8660e-02
9.0974e-02
7.7662e-02
5.2208e-02
4.4561e-04
-2.5969e-01
-8.8639e-02
-1.5584e-01
-1.6864e-01
-4.4584e-01
-6.8808e-02
1.6966e-01
-6.0746e-02
1.4223e-02
4.2542e-02
3.7175e-02
-4.6955e-02
1.3578e-01
1.4108e-01
2.1346e-01
1.1610e-01
1.7510e-01
8.6596e-02
1.3746e-01
-1.8541e-02
-9.7200e-02
8.4457e-02
1.0320e-02
-7.0495e-02
-1.5660e-01
-3.9377e-01
-2.3974e-01
-2.9900e-01
-4.4996e-01
-4.3814e-01
-3.9998e-01
-2.9746e-01
-2.2398e-01
-2.5581e-01
-2.6681e-01
3.1051e-02
-9.9195e-02
-1.5471e-01
5.6541e-02
1.6152e-01
3.1776e-01
4.7865e-01
4.4986e-01
3.6183e-01
4.9594e-01
4.1049e-01
3.6527e-01
4.0379e-01
3.0149e-01
1.9535e-01
2.5829e-01
2.9010e-01
1.1808e-01
2.1776e-01
2.5492e-01
1.8632e-01
-2.5680e-01
-2.5719e-01
4.4746e-02
-6.5107e-03
-1.4018e-01
-1.6127e-01
-1.5674e-01
-2.5403e-01
-3.0630e-01
-2.9487e-01
-3.2130e-01
-2.7938e-01
-1.1414e-01
-1.4626e-02
-2.9533e-02
1.0518e-01
-7.7734e-02
-3.2453e-01
-2.6683e-01
-3.2874e-01
-6.5648e-02
7.7564e-02
1.1590e-02
3.9772e-02
7.2150e-02
-6.8213e-02
1.9332e-01
3.1014e-01
3.0632e-01
2.2162e-01
2.0630e-01
3.0405e-01
-3.0202e-01
-2.7773e-01
5.5588e-03
-3.0908e-01
1.2714e-01
5.8013e-02
3.7707e-01
5.8622e-01
5.0261e-01
4.2323e-01
5.1810e-01
5.2051e-01
4.9587e-01
4.8583e-01
-2.5790e-01
-3.3303e-01
3.2570e-01
3.6522e-01
3.5006e-01
4.1193e-01
2.1993e-01
-1.9942e-01
-3.2015e-02
-2.0447e-01
-9.0601e-02
-2.8266e-01
-1.8788e-01
-1.6010e-02
-1.8042e-01
-7.4100e-02
2.6103e-01
3.9733e-01
4.0905e-01
2.3258e-01
3.3287e-01
4.5068e-01
3.3588e-01
5.7699e-01
5.6013e-01
6.1018e-01
6.1753e-01
5.3418e-01
5.8780e-01
5.2969e-01
4.6924e-01
5.5715e-01
6.1785e-01
6.1298e-01
6.0630e-01
6.2178e-01
6.8322e-01
5.2312e-01
5.1358e-01
-7.6999e-02
-1.5674e-01
-2.1201e-01
1.5785e-01
5.9175e-01
4.8387e-01
5.0261e-01
4.6956e-01
4.8763e-01
2.8308e-01
5.4043e-01
5.7967e-01
5.8055e-01
6.0980e-01
5.5172e-01
6.1087e-01
5.3866e-01
6.4108e-01
5.9623e-01
6.0768e-01
6.5432e-01
7.7624e-01
6.7556e-01
6.0673e-01
6.7426e-01
6.2192e-01
6.4461e-01
6.7782e-01
6.6529e-01
6.0584e-01
6.0340e-01
6.9187e-01
6.7212e-01
6.7616e-01
5.9190e-01
6.3396e-01
5.6928e-01
5.6949e-01
5.6755e-01
6.7542e-01
6.2047e-01
6.2029e-01
6.0088e-01
5.9708e-01
4.6133e-01
1.4116e-01
3.2589e-01
6.1354e-01
6.0932e-01
5.8529e-01
5.4184e-01
5.0406e-01
5.5267e-01
5.8914e-01
5.7130e-01
3.8269e-01
3.6821e-02
4.9381e-01
2.3574e-01
4.4059e-01
4.3406e-01
5.1812e-01
5.5911e-01
5.2293e-01
5.1458e-01
5.4947e-01
5.0109e-01
3.7651e-01
4.8074e-01
5.3536e-01
3.1409e-01
4.8642e-01
4.6418e-01
3.2675e-01
-1.2330e-01
-2.9342e-01
-2.7562e-01
-1.4133e-05
-1.6033e-01
2.1677e-01
5.7397e-01
5.6353e-01
6.0089e-01
5.9938e-01
5.6504e-01
2.2847e-01
5.9330e-01
6.5960e-01
6.8404e-01
6.1854e-01
6.5227e-01
6.9539e-01
6.4272e-01
5.5818e-01
6.6507e-01
5.6123e-01
6.2453e-01
6.2025e-01
7.3741e-01
7.4285e-01
6.7432e-01
6.7219e-01
7.6118e-01
7.0971e-01
6.5768e-01
5.7890e-01
6.7958e-01
6.5848e-01
7.1385e-01
6.1919e-01
6.7021e-01
6.3286e-01
5.7779e-01
5.0684e-01
1.9117e-01
3.3462e-01
6.5080e-01
6.6398e-01
6.1663e-01
5.9012e-01
5.5943e-01
5.8894e-01
6.5021e-01
6.2121e-01
6.6292e-01
7.0302e-01
7.0248e-01
6.4611e-01
6.4849e-01
6.3193e-01
9.6861e-01
9.7175e-01
9.6131e-01
5.7044e-01
4.3380e-01
4.8176e-01
5.3562e-01
7.1549e-01
6.1459e-01
5.5648e-01
6.1673e-01
3.7916e-01
4.1375e-01
2.6568e-02
-9.7088e-02
9.2329e-02
3.3238e-01
7.8808e-02
-2.9871e-01
1.0609e-01
2.6849e-01
-5.2945e-02
3.5693e-01
-3.9472e-02
2.9522e-02
2.7601e-01
5.7058e-01
4.8034e-01
3.0387e-01
4.7814e-01
5.3811e-01
5.0543e-01
3.6878e-01
3.5156e-01
4.3959e-01
4.1882e-01
1.1929e-01
-1.3310e-01
-9.3547e-02
-1.0586e-01
4.3664e-02
2.9201e-01
1.9339e-01
2.5955e-01
3.7765e-01
4.1890e-01
4.0611e-01
5.2797e-01
5.0774e-01
4.7215e-01
4.2373e-01
4.8907e-01
4.6174e-01
5.1789e-01
3.9332e-01
-5.0947e-02
-6.4336e-02
-2.0803e-01
-1.7017e-01
-4.3814e-02
-1.3958e-02
-4.9550e-02
3.0773e-01
1.5574e-01
-3.0131e-01
-3.0675e-01
-2.2665e-01
-3.4199e-01
-1.0540e-01
3.9076e-01
3.1312e-01
2.4792e-01
2.1747e-01
2.5654e-01
3.7808e-01
4.3001e-01
2.7676e-01
1.3094e-01
-1.3232e-01
1.5243e-01
3.5479e-01
5.1755e-01
5.4343e-01
2.7733e-01
-9.3168e-02
-7.2695e-02
-1.9524e-01
-2.5832e-02
3.7586e-01
2.2971e-01
3.4225e-01
9.3342e-02
-8.4244e-02
-2.6586e-01
-1.1777e-02
7.1323e-02
-1.9447e-01
-3.2466e-01
-4.0073e-01
-3.3718e-01
-3.4538e-01
-3.1921e-01
-2.3977e-01
9.2794e-02
-3.5295e-01
-4.9046e-01
-3.2921e-01
-1.8951e-01
-1.1369e-01
-1.3094e-01
2.6632e-01
1.6113e-01
-6.1031e-02
2.0427e-01
1.2061e-01
3.4939e-02
1.5478e-01
5.5344e-02
-1.4581e-02
1.3318e-01
4.4042e-01
4.4552e-01
4.7018e-01
5.4408e-01
5.2693e-01
4.9879e-01
5.1145e-01
5.8922e-01
6.0061e-01
5.5739e-01
6.3214e-01
6.4925e-01
5.7111e-01
6.0709e-01
6.1109e-01
4.8483e-01
2.6714e-01
5.6673e-01
4.9218e-01
5.2638e-01
4.2403e-01
5.3074e-01
4.2452e-01
2.8209e-01
4.1370e-01
4.9360e-01
4.0819e-01
3.3350e-01
6.0146e-01
5.9946e-01
6.3685e-01
6.3234e-01
5.2805e-01
5.9802e-01
6.8420e-01
4.6450e-01
5.2840e-01
5.2881e-01
5.4104e-01
5.5078e-01
5.7231e-01
5.4570e-01
6.6016e-01
5.8797e-01
4.4416e-01
3.3670e-01
-9.6769e-02
-3.9325e-02
-1.5604e-01
-2.8733e-01
-9.3747e-02
-2.4643e-01
-1.9937e-01
8.8910e-02
3.8791e-01
3.2475e-01
3.2640e-01
1.0940e-01
-3.0193e-02
-3.1984e-03
-1.3044e-01
-1.3459e-01
-1.9803e-01
2.2555e-01
5.0354e-01
6.2846e-01
6.0815e-01
5.8838e-01
6.1065e-01
5.5269e-01
6.7730e-01
6.5234e-01
6.6773e-01
7.2426e-01
6.1294e-01
6.8830e-01
6.8559e-01
6.7198e-01
7.2626e-01
7.0226e-01
6.3828e-01
7.1338e-01
9.8993e-01
5.1139e-01
8.4005e-01
9.9898e-01
7.3226e-01
7.3736e-01
6.4758e-01
5.8542e-01
6.5036e-01
6.1814e-01
6.3344e-01
6.6855e-01
6.3756e-01
4.8933e-01
6.9848e-01
6.1159e-01
6.5525e-01
6.8443e-01
7.2442e-01
6.9111e-01
6.6048e-01
6.6898e-01
7.2658e-01
7.3665e-01
6.7656e-01
5.8692e-01
6.5625e-01
6.7523e-01
6.4971e-01
6.6349e-01
6.5140e-01
6.1287e-01
5.8515e-01
5.7729e-01
5.6702e-01
6.1450e-01
2.9073e-01
4.3517e-01
4.5502e-01
4.0664e-01
1.8036e-01
7.7386e-02
4.2946e-01
3.1782e-01
1.5890e-01
4.6363e-03
1.0815e-02
1.7527e-01
6.8480e-01
7.5444e-01
9.8989e-01
2.6689e-01
-1.8869e-01
-3.6056e-01
-3.1259e-01
-3.8316e-01
-4.0823e-01
-4.7540e-01
-4.8154e-01
-4.5898e-01
-4.4531e-01
-4.5921e-01
-4.1812e-01
-2.9931e-01
-4.6062e-01
-4.7013e-01
-4.3978e-01
-4.5141e-01
-4.8932e-01
-4.5501e-01
-4.9677e-01
-4.4056e-01
-4.9029e-01
-4.1609e-01
-3.3413e-01
-4.1745e-01
-3.6563e-01
-3.5475e-01
-4.4132e-01
-3.3946e-01
-3.9309e-01
-4.4328e-01
-4.1905e-01
-4.8819e-01
-4.5056e-01
-3.2419e-01
-3.3575e-01
-2.7236e-01
-1.9798e-01
-3.0118e-01
-4.5893e-01
-4.3655e-01
-3.9601e-01
-4.7553e-01
-2.8892e-01
-4.4236e-01
-4.0192e-01
-3.3270e-01
-2.7290e-01
1.7192e-02
-6.0625e-02
4.7185e-02
1.8961e-02
-2.9684e-01
-3.3323e-01
-4.4029e-01
-3.2819e-01
-3.4953e-01
-2.2283e-01
-1.2294e-01
-2.7596e-01
-4.4710e-01
-3.0290e-01
-3.3823e-01
-1.3959e-01
1.9850e-01
9.3211e-02
-1.3515e-01
4.5975e-02
-7.9791e-02
-1.8797e-02
-4.7459e-02
-1.5038e-01
-3.0329e-01
-1.6787e-02
-1.0087e-01
-2.1158e-01
-2.8924e-01
-3.4194e-01
-3.2474e-01
-5.1539e-01
-4.8741e-01
-1.7669e-01
-3.8797e-01
-4.5263e-01
-4.5064e-01
-4.6350e-01
-4.7722e-01
-2.1334e-01
-2.2152e-01
-3.2540e-01
-1.8189e-01
-4.3015e-01
-2.7829e-01
-1.1550e-01
-2.8807e-01
8.2922e-02
1.9737e-01
2.5292e-01
3.5888e-01
4.0975e-01
3.5771e-01
4.3783e-01
4.4681e-01
2.7527e-01
-2.1022e-02
1.1652e-02
-1.7979e-01
-1.8244e-01
-3.3815e-01
-1.7787e-01
-2.0848e-01
-2.9995e-01
-3.0496e-01
-2.3170e-01
-2.0842e-01
-4.7717e-02
4.4229e-01
9.9089e-01
9.9137e-01
9.9550e-01
9.9937e-01
4.5182e-01
2.7463e-01
7.8271e-01
-2.5929e-01
9.6018e-01
9.7827e-01
9.9593e-01
9.9731e-01
9.9802e-01
9.3668e-01
9.7956e-01
9.9948e-01
9.9780e-01
9.9879e-01
9.9910e-01
9.9656e-01
9.9912e-01
9.8523e-01
-1.0159e-01
9.9962e-01
9.9965e-01
9.9943e-01
9.9890e-01
5.8170e-01
9.5213e-01
9.9730e-01
-2.6808e-01
-3.9051e-01
-3.8451e-01
-9.9675e-02
5.5897e-01
2.7903e-01
-3.8495e-01
-3.8374e-01
-2.3469e-01
-4.9467e-02
9.0000e-01
9.9912e-01
9.9870e-01
9.9963e-01
9.9960e-01
9.9807e-01
9.2782e-01
-2.3483e-01
-2.7933e-01
-2.8727e-01
-1.5711e-02
-1.5944e-01
-4.1236e-01
-3.9525e-01
-2.6225e-01
-3.0685e-01
9.9111e-01
9.9929e-01
9.9965e-01
-1.8893e-03
5.4613e-01
9.9793e-01
9.6900e-01
9.9668e-01
9.9278e-01
9.9508e-01
9.7898e-01
9.9723e-01
9.9926e-01
9.6805e-01
9.2670e-01
2.0223e-01
8.0976e-02
7.0261e-02
9.5892e-01
9.9692e-01
9.9811e-01
9.5387e-01
9.6442e-01
-7.0938e-02
-2.5034e-01
-1.8344e-01
-2.4235e-01
-2.4511e-01
-1.9167e-01
-1.7347e-01
-2.2870e-01
-1.4516e-01
-1.7031e-01
-1.9160e-01
-2.1666e-01
-2.3166e-01
-2.4257e-01
-2.6414e-01
-2.9390e-01
-3.1460e-01
-3.1510e-01
-3.2108e-01
-3.6369e-01
-4.1892e-01
-3.3507e-01
-3.5866e-01
-2.5287e-01
-5.7108e-02
-1.9539e-01
-1.7671e-01
-1.0554e-01
-1.3866e-01
-1.5278e-01
-2.8833e-01
-1.8072e-01
-1.8187e-01
-2.5191e-01
-4.2165e-01
-3.8036e-01
-3.7480e-01
-4.2324e-01
-3.0814e-01
-2.3790e-01
-2.1886e-01
-2.4858e-01
-2.4331e-01
-2.6377e-01
-2.1953e-01
-2.7625e-01
-2.3155e-01
-2.3404e-01
-2.6006e-01
-3.9430e-01
-3.2608e-01
-2.5024e-01
-2.3122e-01
-2.3146e-01
-1.8962e-01
-1.6303e-01
-1.7354e-01
-1.2687e-01
-9.0463e-02
-1.0357e-01
-1.2338e-01
-1.6022e-01
-1.9323e-01
-1.8162e-01
-1.5840e-01
-2.6757e-01
-2.9697e-01
-2.9014e-01
-3.8126e-01
-3.7288e-01
-4.1092e-01
-4.7840e-01
-4.6264e-01
-4.5808e-01
-3.9753e-01
-3.3943e-01
-4.0609e-01
-3.8564e-01
-2.8648e-01
-4.4062e-01
-2.2119e-01
-2.6545e-01
-3.0102e-01
-1.2577e-01
-5.3675e-02
1.7490e-01
1.4330e-01
1.8520e-01
6.2053e-02
-2.9439e-04
1.0869e-01
-1.2537e-01
-3.2073e-01
-1.7624e-01
2.0630e-02
1.6607e-01
1.5971e-01
2.2395e-01
-2.7220e-02
-2.6609e-01
-5.3823e-01
-5.1952e-01
-5.4283e-01
-4.9719e-01
-3.4813e-01
-4.1945e-01
-2.8214e-01
-3.9276e-01
-3.8105e-01
-3.8620e-01
-3.9688e-01
-3.2070e-01
-3.9000e-01
-3.9735e-01
-4.3376e-01
-3.8956e-01
8.9119e-02
6.6828e-01
-9.8318e-02
-3.8878e-01
-3.9759e-01
-5.0775e-01
-2.8137e-01
-2.8577e-01
-2.2242e-01
-3.6178e-01
-2.5138e-01
-3.8920e-01
-4.3040e-01
5.8147e-02
7.7507e-02
1.0181e-01
2.0752e-01
1.7767e-01
-5.0335e-02
1.2449e-01
3.2639e-01
3.4563e-01
4.3044e-01
4.3554e-01
3.9262e-01
3.9751e-01
4.9333e-01
4.5122e-01
4.2380e-01
4.2714e-01
3.6837e-01
2.6963e-01
2.4289e-01
2.4447e-01
1.8667e-01
2.9015e-01
2.6285e-01
1.2926e-01
7.7146e-02
-9.6258e-03
3.3355e-02
-3.7136e-03
-3.2858e-01
-2.4350e-01
-3.7345e-01
1.0977e-01
2.4325e-02
-3.1536e-02
3.4451e-01
3.1263e-01
3.2612e-01
3.6729e-01
3.4344e-01
2.5464e-01
-2.5171e-01
-1.6740e-01
-2.1466e-01
-2.1002e-01
-2.5879e-01
-2.2945e-01
-4.1661e-01
-3.7709e-01
-5.0071e-01
-4.6841e-01
-3.6218e-01
-3.3825e-01
-4.0530e-01
-3.8955e-01
-3.7848e-01
-1.0185e-01
-2.2980e-01
4.1381e-02
3.7042e-02
4.7033e-02
-5.3397e-02
-2.0697e-01
-3.4944e-01
-7.1051e-02
1.6473e-01
-1.5244e-02
-3.3788e-02
-2.2979e-02
-2.1545e-01
-1.1366e-01
-2.1973e-01
2.3756e-01
2.3622e-01
1.7546e-01
3.0328e-01
3.7203e-01
4.1495e-01
1.3500e-01
2.8600e-01
3.4240e-01
3.7759e-01
3.3790e-01
2.6197e-01
3.7657e-01
1.1580e-01
9.4459e-02
-2.8689e-01
-2.6671e-01
-6.0445e-02
-3.2525e-01
1.1347e-02
1.0607e-01
2.2969e-01
-1.0071e-01
7.7009e-02
-2.2546e-01
-1.1758e-01
-7.0305e-02
-1.0405e-01
6.1467e-02
1.5799e-01
2.5087e-01
2.4376e-01
1.4317e-02
-1.1178e-01
-2.8631e-01
-1.2490e-01
1.3157e-01
5.9082e-02
-1.7429e-01
-2.5051e-01
-1.7204e-01
-1.4866e-01
-8.1930e-02
2.7081e-01
1.5131e-01
1.6077e-01
2.2447e-01
3.0144e-01
-2.0042e-01
-1.6059e-01
-3.5479e-01
-2.6882e-01
-4.3831e-01
-3.1592e-01
-1.8445e-01
-6.2614e-02
-1.4805e-01
-1.4702e-01
-1.0719e-01
-1.6313e-01
2.7721e-02
-9.9623e-02
-2.2655e-01
3.5052e-01
2.9077e-01
2.1309e-01
2.3723e-01
3.0368e-01
2.2042e-01
1.6063e-01
1.7765e-01
2.0857e-01
2.3304e-01
2.0438e-01
2.4856e-01
2.8490e-01
2.0379e-01
3.3547e-01
2.1190e-01
1.5741e-01
1.9608e-01
3.9623e-02
2.5614e-01
3.6937e-01
3.0497e-01
1.1660e-01
-1.4562e-01
-7.0042e-02
1.9691e-01
3.6001e-01
1.0986e-01
-2.5221e-01
-2.3828e-01
-2.2165e-01
5.8723e-02
2.3983e-01
2.2996e-01
1.8495e-01
-1.8348e-01
-3.3252e-01
-3.4026e-01
-2.2942e-01
-4.0242e-01
-3.5955e-01
-1.0890e-01
-2.5054e-01
-3.5039e-01
-1.2795e-01
-1.4073e-01
-2.9185e-01
-4.4939e-01
-4.4713e-01
-4.2749e-01
-1.9211e-01
-4.5609e-01
-4.9263e-01
-5.3364e-01
-3.6617e-01
-4.0640e-01
-9.8315e-02
-2.1518e-01
-2.9702e-01
-3.8726e-01
-3.6649e-01
-4.7651e-01
-3.5303e-01
-4.7715e-01
-4.6812e-01
-4.1345e-01
-3.5088e-01
-3.2021e-01
-4.4529e-01
-4.3607e-01
-5.3817e-01
-3.8303e-01
-4.1525e-01
-3.7327e-01
-2.7824e-01
-3.3218e-01
-3.6819e-01
-3.3225e-01
-1.8579e-01
-3.5327e-02
7.6689e-02
8.5358e-02
-6.1155e-02
-6.5921e-02
-1.4084e-01
-1.2520e-01
-1.6548e-01
-2.0403e-02
2.3379e-02
1.0382e-01
1.5581e-01
6.9056e-02
2.6916e-01
2.4837e-01
3.8382e-01
4.7643e-01
5.3222e-01
5.2772e-01
4.8639e-01
4.5108e-01
3.4002e-01
-4.6372e-03
3.3698e-01
4.0414e-01
4.4172e-01
3.5575e-01
3.5208e-01
4.8752e-01
5.0447e-01
4.9766e-01
5.3046e-01
6.4398e-01
5.6952e-01
6.4408e-01
6.2034e-01
7.1565e-01
6.3924e-01
2.0242e-01
4.8469e-01
6.2170e-01
6.8759e-01
6.1399e-01
7.0608e-01
6.8044e-01
6.4282e-01
6.7280e-01
6.8380e-01
6.0919e-01
6.5685e-01
6.7162e-01
6.8905e-01
6.4353e-01
6.6916e-01
6.5580e-01
6.3135e-01
8.2904e-01
5.9226e-01
6.2358e-01
6.5572e-01
6.2981e-01
6.6803e-01
6.5284e-01
6.4241e-01
6.2899e-01
6.7151e-01
6.3092e-01
5.8210e-01
7.0005e-01
6.6866e-01
5.7856e-01
6.4152e-01
6.9162e-01
6.3464e-01
5.6913e-01
6.0093e-01
6.4671e-01
6.2775e-01
6.5850e-01
6.3142e-01
6.0550e-01
5.8953e-01
6.5137e-01
2.7457e-01
-1.2363e-01
4.6747e-01
5.4535e-01
5.2544e-01
2.6157e-01
-1.2098e-01
9.8688e-02
2.8312e-01
5.4005e-01
5.1828e-01
5.2886e-01
6.5397e-01
6.5066e-01
6.6069e-01
6.6178e-01
6.2440e-01
6.5643e-01
6.5037e-01
6.5398e-01
6.2314e-01
6.8423e-01
6.8441e-01
5.3325e-01
6.3246e-01
6.3177e-01
6.9860e-01
6.1819e-01
6.9067e-01
6.4927e-01
6.5354e-01
6.3620e-01
6.5684e-01
6.0749e-01
6.2498e-01
5.4248e-01
6.3010e-01
6.0107e-01
6.1865e-01
6.0147e-01
6.1012e-01
6.1506e-01
5.8515e-01
8.1538e-01
7.0924e-01
6.3177e-01
4.0626e-01
1.9629e-01
5.2198e-01
5.4682e-01
5.4767e-01
6.3650e-01
6.4045e-01
4.3569e-01
5.1440e-01
5.1356e-01
5.0726e-01
1.3627e-01
3.2972e-01
4.8502e-01
3.5816e-01
-7.9602e-02
7.2969e-02
1.6576e-01
1.6333e-01
6.1054e-02
2.0010e-02
6.9053e-02
1.9922e-01
3.9878e-01
3.5773e-01
4.0077e-01
3.9186e-01
3.4192e-01
2.7122e-01
9.1970e-02
7.7603e-02
-2.3648e-02
-1.3130e-01
-2.9929e-01
-2.5789e-01
-2.8270e-01
-3.3225e-01
-2.8992e-01
-4.1310e-01
-5.6710e-01
-6.0207e-01
-5.7131e-01
-4.3189e-01
-6.0575e-01
-5.8669e-01
-5.1318e-01
-4.6015e-01
-4.9826e-01
-4.9213e-01
-4.5259e-01
-4.4209e-01
-4.4943e-01
-4.1663e-01
-2.2770e-01
-1.3578e-02
-3.5089e-01
-3.8134e-01
-3.5911e-01
-3.6172e-01
-3.5844e-01
-3.9447e-01
-4.2377e-01
-3.8677e-01
-3.6576e-01
-3.6601e-01
-4.1107e-01
-3.9963e-01
-3.8974e-01
-3.2743e-01
-3.1664e-01
-3.6123e-01
-3.6358e-01
-3.5631e-01
-4.2995e-01
-3.8909e-01
-4.1717e-01
-3.9875e-01
-3.6530e-01
-3.2506e-01
-3.9675e-01
-4.2535e-01
-4.1903e-01
-4.3185e-01
-3.5910e-01
-4.1899e-01
-3.5847e-01
-3.5711e-01
-3.6694e-01
-2.7514e-01
5.4729e-01
9.9305e-01
6.7309e-01
-2.7434e-01
2.8558e-01
9.7307e-01
3.1924e-01
-2.4477e-01
-3.5349e-01
-3.7290e-01
-3.8517e-01
-3.5287e-01
-4.2342e-01
-4.0468e-01
-1.5011e-01
-2.7941e-01
-2.8878e-01
-3.3338e-01
3.5604e-01
-3.7335e-01
-5.1106e-01
-5.8953e-01
-5.7595e-01
-4.3467e-01
-4.5068e-01
-2.9041e-01
-1.3085e-01
-6.6781e-02
-6.6493e-02
9.3948e-02
5.5649e-02
4.4444e-02
3.3369e-02
-2.8171e-01
8.7251e-03
3.8641e-02
-1.4902e-01
-1.4238e-01
-4.3289e-01
-5.2478e-01
-5.7483e-01
-7.3261e-02
1.7213e-01
2.9214e-01
1.9252e-01
-7.4000e-02
-3.9948e-01
-8.7232e-02
-1.4880e-03
-1.7733e-01
3.0124e-02
1.5750e-01
3.3349e-01
2.5777e-01
-8.7635e-02
-3.6307e-01
-4.0884e-01
-4.2677e-01
-5.2277e-01
-4.3324e-01
-3.4325e-01
-4.0711e-01
-3.2072e-01
-3.5590e-01
-4.5932e-01
-3.7659e-01
-3.1437e-01
-4.0982e-01
-3.4265e-01
-3.6953e-01
-3.0251e-01
-3.4408e-01
-4.2386e-01
-2.9444e-01
-1.1107e-01
-7.4934e-02
5.9688e-02
2.1369e-01
1.7905e-01
2.6159e-01
2.0168e-01
2.0527e-01
2.4773e-01
2.8687e-01
1.9411e-01
-4.1890e-03
5.5386e-02
9.7744e-02
6.8096e-02
2.9350e-01
4.3787e-01
5.1628e-01
4.2255e-01
5.2710e-01
5.2754e-01
5.6727e-01
5.7592e-01
5.2606e-01
1.8888e-01
3.7156e-01
5.5952e-01
5.2453e-01
6.1668e-01
5.9701e-01
6.0242e-01
5.7907e-01
5.4048e-01
5.8402e-01
4.8837e-01
5.2951e-01
5.3743e-01
4.6165e-01
4.6516e-01
4.2953e-01
4.6432e-01
4.7563e-01
3.8514e-01
3.5180e-01
2.3273e-01
4.4688e-01
5.5130e-01
5.4875e-01
5.2208e-01
5.0476e-01
4.9682e-01
2.7531e-01
3.6477e-01
4.5477e-01
5.5355e-01
5.0543e-01
5.0928e-01
5.0761e-01
5.1657e-01
2.9899e-01
1.2680e-01
3.5166e-01
3.8929e-01
1.4231e-01
5.0088e-01
3.6848e-01
3.6962e-01
4.5568e-01
5.1441e-03
-2.1435e-01
-8.1693e-02
-8.5965e-02
1.1641e-01
1.8373e-01
4.5161e-01
2.0019e-01
8.0932e-02
2.8685e-01
2.0136e-01
-2.7639e-02
1.8474e-01
4.9849e-01
3.2998e-01
2.3910e-01
8.3499e-02
-1.8364e-01
-3.0593e-01
-3.0339e-01
-5.4893e-02
1.3003e-01
3.4543e-01
2.7504e-01
3.1914e-01
6.3848e-01
-2.2499e-01
-2.3706e-01
-5.6225e-02
2.2193e-01
9.3491e-02
-1.1873e-01
-2.9682e-01
-1.2741e-01
1.2592e-01
-1.4663e-01
7.7811e-01
-3.7012e-01
-4.1524e-01
-4.4103e-02
9.8085e-01
5.0249e-02
-4.2286e-01
-3.9573e-01
-3.1594e-01
-3.2520e-01
-1.7971e-02
-1.6427e-01
-3.2775e-01
1.4614e-02
3.9022e-01
3.9035e-01
3.4186e-01
3.4630e-01
1.1582e-01
-3.2163e-01
1.1573e-01
-7.0927e-02
-4.0019e-01
-4.8354e-01
-3.6393e-01
-4.1797e-01
-4.2173e-01
-4.0801e-01
-5.2803e-01
-5.9265e-01
-5.0418e-01
-5.4700e-01
-5.2780e-01
-5.1367e-01
-3.7310e-01
6.6982e-04
1.6353e-01
9.1486e-02
-1.8974e-02
-8.9249e-02
-9.8133e-02
-4.0640e-03
-4.9495e-01
-1.4663e-01
-7.5451e-03
-5.6490e-01
-5.2360e-01
-3.0082e-01
-4.0891e-01
-4.7901e-01
4.1603e-01
-2.4785e-01
-4.6056e-01
-3.4831e-01
-3.6327e-01
-4.2625e-01
-3.7829e-01
-5.4177e-01
-5.6854e-01
-5.4960e-01
-5.8333e-01
-3.3651e-01
-3.9705e-01
-2.8092e-01
-5.1534e-01
-6.1523e-01
-5.8680e-01
-4.2796e-01
-2.6567e-01
-2.3286e-01
-3.4038e-01
-4.6120e-01
-4.0859e-01
-5.1801e-01
-5.6558e-01
-2.5958e-01
-6.1369e-01
-5.5274e-01
-5.0443e-01
-5.3202e-01
-3.9940e-01
-2.0632e-01
-1.3437e-01
-7.0956e-02
-7.8584e-03
1.2971e-01
-2.5120e-02
1.5175e-02
-2.5719e-02
-5.3979e-02
-1.7760e-01
1.5301e-02
-1.9154e-01
-4.3175e-01
-3.5877e-01
-2.5007e-01
-2.7316e-01
-3.4465e-01
-1.4199e-01
-3.3432e-01
-4.2142e-01
-3.8754e-01
-1.4984e-03
-1.9105e-01
-1.0845e-01
-2.7477e-01
-5.4836e-01
-5.3302e-01
-4.0556e-01
-3.8096e-01
-3.8889e-01
-4.1443e-01
-1.1482e-01
-4.2337e-01
-3.9781e-01
-2.5311e-02
-2.4585e-01
-3.3841e-01
-3.1859e-01
-4.0598e-01
-5.6967e-01
-4.1653e-01
-3.2538e-01
-4.4012e-01
-4.5708e-01
-4.1748e-01
-3.3128e-01
-3.3609e-01
-2.9924e-01
-3.1091e-01
-2.7060e-01
1.0961e-02
-1.1918e-01
-1.0427e-02
1.8854e-01
2.9089e-01
3.3400e-01
3.7059e-01
3.8549e-01
4.0113e-01
4.2026e-01
4.8205e-01
4.4111e-01
4.0328e-01
4.0576e-01
4.4129e-01
4.7103e-01
4.9856e-01
5.2925e-01
5.8956e-01
5.6100e-01
6.2815e-01
5.5859e-01
5.9219e-01
5.8591e-01
5.7227e-01
5.9144e-01
5.2108e-01
5.0027e-01
5.3269e-01
5.5630e-01
5.3210e-01
4.3300e-01
4.6078e-01
3.5360e-01
3.8697e-01
4.0992e-01
4.5445e-01
4.8873e-01
3.9928e-01
3.3785e-01
3.7117e-01
4.5656e-01
4.5450e-01
4.3205e-01
4.1913e-01
3.7385e-01
3.7098e-01
3.5382e-01
1.6096e-01
2.7948e-02
2.3526e-01
2.7314e-01
4.5599e-02
1.3733e-01
3.5107e-01
2.5641e-01
7.3604e-01
5.5706e-01
3.8947e-01
3.8352e-01
3.8120e-01
3.2944e-01
4.6365e-01
9.2460e-01
9.2210e-01
5.4151e-01
-2.8392e-01
4.4662e-02
-1.0089e-01
8.0028e-02
1.6096e-01
1.2205e-01
6.3298e-02
-4.9175e-02
-1.4053e-01
-4.1960e-02
-2.7397e-01
-4.0917e-01
-1.8406e-01
-8.1966e-02
-4.4994e-01
-4.6386e-01
-4.9716e-01
-4.5547e-01
-3.2409e-01
-2.1576e-01
-1.2046e-01
-1.7205e-01
-1.2677e-01
-3.1397e-01
-4.5200e-01
-3.5916e-01
-3.2327e-01
-3.8467e-01
-1.6648e-01
-3.0445e-01
-2.3748e-01
-3.3043e-01
-4.4314e-01
-4.6281e-01
-4.1045e-01
-3.7320e-01
-3.1283e-01
-2.1807e-02
-1.4011e-02
-7.6867e-02
-1.1849e-01
-2.2310e-01
7.5976e-02
2.6896e-01
3.5171e-01
3.6794e-01
3.0829e-01
4.6152e-01
4.9221e-01
4.1163e-01
4.3283e-01
1.2785e-01
4.6499e-01
9.9858e-01
2.5662e-01
9.7356e-01
6.5026e-01
-3.9588e-01
7.8067e-01
