0.1066
0.0756
-0.0502
-0.0970
-0.0943
-0.0382
0.0201
-0.0400
-0.0816
-0.0657
0.0523
-0.0537
-0.0799
-0.1153
0.0593
-0.0771
-0.0700
-0.0466
-0.0514
-0.0813
-0.0587
0.0476
-0.0272
-0.1082
-0.0928
-0.1169
-0.1118
-0.0812
-0.0947
-0.0854
-0.0985
-0.0149
0.0578
-0.0319
0.0501
-0.0079
0.0321
0.1093
-0.0842
-0.0375
-0.0550
-0.0457
-0.0879
0.0283
-0.0744
-0.1290
-0.1677
-0.0288
-0.1001
-0.1131
-0.0046
0.0267
0.0450
0.1015
0.0496
-0.0697
-0.0029
-0.0398
-0.0156
0.0016
-0.0896
-0.0784
0.0091
0.0070
-0.0443
0.0390
0.0964
0.0511
0.0553
0.1042
0.0680
0.0363
0.0599
0.0718
0.0925
0.1152
0.1231
0.0780
0.0587
0.0418
-0.0267
-0.1071
-0.1154
-0.1040
-0.0707
-0.1040
0.0501
-0.0095
-0.0646
-0.1053
-0.1186
-0.0476
0.0449
0.0563
0.0230
-0.0913
-0.0113
-0.0443
-0.0706
-0.1270
-0.0425
-0.1262
-0.1491
-0.0871
-0.0356
-0.0259
0.0027
-0.0669
0.0140
0.0427
0.0050
-0.1032
-0.0289
-0.0183
-0.0085
-0.1162
-0.0109
-0.0748
-0.1268
-0.0869
-0.0584
-0.0521
-0.0117
-0.0786
0.0668
-0.0638
-0.1122
-0.0828
0.0081
0.1230
0.1018
0.1136
0.0925
0.0191
-0.0078
0.1263
0.0821
0.1093
-0.0308
0.0887
0.0489
-0.0381
-0.0896
0.0153
-0.0458
-0.0593
0.0445
0.1554
0.1121
0.0245
-0.0989
0.0325
0.0253
-0.0471
0.0661
0.0181
0.0710
0.0322
-0.0311
-0.1092
-0.0328
-0.0652
-0.0756
-0.1281
-0.0468
0.0229
0.0282
0.0898
0.0204
0.1148
0.0773
0.0938
0.0292
0.0836
0.1000
0.0842
-0.0185
0.0967
0.0634
