0.0338
-0.0080
0.1770
0.1037
0.1000
0.1532
0.1041
0.1134
0.0390
0.0595
0.0684
0.1067
0.0217
0.1001
0.0921
0.0447
0.1033
0.0901
0.0641
0.0270
0.0970
0.1071
0.0413
0.0322
0.0419
0.0414
0.0675
0.0475
0.0449
0.0368
0.0619
0.1024
0.0782
0.1134
0.1607
0.0092
0.1176
0.0767
0.0859
0.0568
0.0158
0.0601
0.1157
0.1150
0.1238
0.0636
0.0419
0.0371
0.0870
-0.0056
0.0074
-0.0328
-0.0343
-0.0586
-0.0624
-0.0320
-0.0697
-0.0682
-0.0662
0.0383
-0.0584
-0.0203
-0.0094
-0.0186
-0.0401
0.0748
0.1319
0.1710
0.1621
0.0157
-0.0361
-0.0610
-0.0097
-0.0324
-0.0506
-0.0027
-0.0018
-0.0529
-0.0446
-0.0460
-0.1245
-0.0337
-0.0654
-0.0132
-0.0854
-0.0363
-0.0327
0.0238
-0.0751
-0.0031
-0.0262
-0.0901
-0.0506
-0.0656
-0.0717
-0.0359
0.1258
0.1018
-0.1306
-0.0289
-0.0699
-0.1083
-0.0525
-0.0650
-0.1418
-0.0271
-0.0207
-0.0670
-0.0921
-0.0747
-0.1273
-0.0785
-0.1074
-0.0427
-0.0661
-0.0352
-0.1445
-0.0580
-0.0634
-0.1017
-0.0378
-0.0523
-0.0889
-0.1187
-0.1162
-0.1004
-0.1270
0.0284
-0.0382
-0.0226
0.0764
-0.0020
0.0148
-0.0987
-0.0643
-0.0006
-0.0710
0.0412
-0.0025
-0.0686
-0.1118
-0.0390
-0.0569
-0.1064
-0.0591
-0.0489
-0.0664
-0.0749
0.0037
-0.0364
-0.1148
0.0059
-0.0429
-0.0640
-0.1620
-0.0895
-0.0494
-0.0823
-0.1304
-0.0347
-0.0491
-0.0319
-0.1187
-0.0102
-0.0099
-0.1105
-0.0206
-0.0580
0.0317
-0.0603
-0.0430
-0.0219
0.0108
-0.0056
0.0474
0.0056
0.0298
0.0213
-0.0501
