0.11827570654188824
0.08801880836591056
-0.03579677800572909
-0.08258910394886212
-0.08034982641204835
-0.023781114294275818
0.0324686682412126
-0.027411306469821296
-0.06873837957482054
-0.05298450496349318
0.06471664477747488
-0.039722959912326106
-0.06742640189716834
-0.10175444482639417
0.07202513687346965
-0.0640104501164685
-0.055987269711891864
-0.03296018874210112
-0.038446679704957916
-0.06792308773845698
-0.04354703628875718
0.06593961406099547
-0.013053038520141377
-0.09541620156540384
-0.07880400190934178
-0.10429754442402836
-0.0987687500556246
-0.06844995933154013
-0.0811813200357937
-0.07148287777369938
-0.08558054371600579
-0.0015195831208168215
0.07061653408870514
-0.01689707197550713
0.06923858435973637
0.0044449911525485525
0.04542784759776033
0.12325346427292644
-0.070955017006062
-0.024916192764431265
-0.0427316345017198
-0.03291152908540956
-0.07469829251312682
0.04138088431234885
-0.060970495244469854
-0.11575028923445976
-0.1550694422531182
NaN
NaN
-0.01656441867511808
-0.0855861244537329
-0.09998792604821144
0.007562244316760467
0.038872720760285306
0.056750248278919606
0.1133653393937196
0.06064651225531096
-0.05660959254864039
0.008798400185334091
-0.027077689162044907
-0.0036501389173724218
0.014941180300528212
-0.07732154787378737
-0.06567057118096137
0.021036276519371407
0.019716143491694375
-0.031732299285258746
0.05302399251364005
0.11387992087752358
0.0700147679043874
0.07417248113265155
0.11656372560863151
0.0802763443994837
0.048631675851683265
0.07244537646560985
0.08296019307180935
0.10410905434782328
0.12861912310578044
0.13444910205769528
0.0900391111867962
0.07009556978570294
0.05373922322959311
-0.015771984258978956
-0.09419077858572092
-0.10337758563726634
-0.09119974167895875
-0.05921647432177724
-0.09118485788716671
0.061922201680055335
0.002565235078929364
-0.052725790813484504
-0.09220263159307052
-0.10574820820618672
-0.036054205575493437
0.056402606050526355
0.06733671741515393
0.03426274314036076
-0.07952677704048555
0.003753479966332367
-0.027581684609978806
-0.05875483040451047
-0.11400281398347895
-0.03076857556830119
-0.11473752795620334
-0.1372655632124399
-0.07517095353599934
-0.025503074152246
-0.012789865370182053
0.015741596712843257
-0.05587528997767339
0.02546856172349727
0.05466103880997719
0.016363299826739473
-0.09142719162669852
-0.01724000147116081
-0.007261395488905198
0.003377962453932116
-0.10302310612015839
7.362421058807883E-4
-0.06211876444179438
-0.11507327448755841
-0.07609318147889871
-0.046664781007564715
-0.039248932279335666
-6.947046970318671E-4
-0.06737521202247354
0.07726536457668345
-0.052351228904017576
-0.10088009264921602
-0.06866447705745424
0.01943742692159244
0.13572466658602927
0.11612829343615419
0.12572666108255037
0.1046893182168731
0.03041165073890581
0.004460489162220494
0.13880328175788176
0.0928380962169911
0.1214282971091942
-0.01848138879339402
0.1004205094437006
0.05950193080012284
-0.025962162826329946
-0.07789591983536046
0.027417552139865818
-0.0330706972881845
-0.045997397333578924
0.055512202545823376
0.1676054148452692
0.12605915019620836
0.03628445559395531
-0.08750805921236732
0.04572755370445713
0.03853634870844612
-0.03583962043413178
0.07671517366589348
0.02909297634738373
0.08315135778773353
0.044012999901981265
-0.019633955581732046
-0.09681612070070006
-0.020291138529057867
-0.052272248867956166
-0.0631234557356696
-0.11479075826404386
-0.0340312828084835
0.03524595567739753
0.03995011817700963
0.1023941845828231
0.03347159259930759
0.12574053050974462
0.08928511959027041
0.10654899252357122
0.04265584864390884
0.09611012219463375
0.11317425567813932
0.09661479977631096
-0.005170115829580633
0.1082169768919509
0.07426654094491646
